measured_roll,measured_pitch,measured_yaw,filtered_roll,filtered_pitch,filtered_yaw
-3.063,-0.030,0.000,-3.140,0.001,-3.141
-3.089,-0.051,0.000,-3.140,0.001,-3.141
-3.114,-0.071,0.000,-3.140,0.001,-3.140
-3.138,-0.090,0.000,3.141,0.001,-3.139
3.126,-0.106,0.000,3.139,0.001,-3.137
3.109,-0.120,0.000,3.136,0.001,-3.136
3.097,-0.129,0.000,3.133,0.001,-3.134
3.090,-0.134,0.000,3.130,0.002,-3.133
3.087,-0.136,0.000,3.128,0.002,-3.132
3.087,-0.133,-0.000,3.125,0.003,-3.130
3.091,-0.127,0.000,3.123,0.005,-3.129
3.097,-0.117,0.000,3.122,0.007,-3.129
3.104,-0.105,0.000,3.121,0.009,-3.128
3.111,-0.090,0.000,3.121,0.012,-3.128
3.117,-0.074,0.000,3.120,0.015,-3.128
3.122,-0.056,-0.000,3.121,0.018,-3.128
3.126,-0.038,0.000,3.121,0.021,-3.129
3.128,-0.020,0.000,3.121,0.023,-3.130
3.128,-0.003,0.000,3.121,0.023,-3.131
3.126,0.010,0.000,3.121,0.022,-3.132
3.124,0.020,0.000,3.121,0.018,-3.133
3.121,0.026,0.000,3.120,0.011,-3.134
3.118,0.025,0.000,3.119,0.001,-3.136
3.116,0.019,0.000,3.118,-0.014,-3.138
3.114,0.005,0.000,3.116,-0.032,-3.140
3.113,-0.016,0.000,3.114,-0.054,3.141
3.114,-0.045,0.000,3.112,-0.081,3.139
3.115,-0.082,0.000,3.110,-0.111,3.137
3.117,-0.128,0.000,3.108,-0.145,3.134
3.119,-0.183,-0.000,3.105,-0.182,3.132
3.122,-0.250,0.000,3.103,-0.222,3.130
3.124,-0.332,-0.000,3.100,-0.264,3.129
3.125,-0.432,0.000,3.098,-0.308,3.128
3.125,-0.556,0.000,3.095,-0.352,3.127
3.121,-0.710,0.000,3.092,-0.397,3.127
3.111,-0.897,0.000,3.089,-0.442,3.128
3.085,-1.117,0.000,3.085,-0.486,3.129
2.989,-1.354,0.000,3.081,-0.531,3.131
1.085,-1.525,-0.000,3.077,-0.575,3.134
0.204,-1.331,-0.000,3.072,-0.618,3.138
0.133,-1.150,0.000,3.067,-0.662,-3.140
0.110,-0.999,-0.000,3.061,-0.705,-3.134
0.098,-0.874,0.000,3.054,-0.749,-3.128
0.092,-0.768,0.000,3.047,-0.792,-3.120
0.087,-0.675,-0.000,3.039,-0.836,-3.110
0.084,-0.592,-0.000,3.029,-0.881,-3.100
0.080,-0.516,0.000,3.017,-0.926,-3.087
0.077,-0.445,0.000,3.004,-0.971,-3.073
0.073,-0.377,0.000,2.989,-1.016,-3.056
0.068,-0.311,-0.000,2.970,-1.060,-3.037
0.063,-0.247,0.000,2.949,-1.103,-3.015
0.056,-0.187,-0.000,2.924,-1.144,-2.990
0.049,-0.131,0.000,2.896,-1.182,-2.962
0.041,-0.080,-0.000,2.864,-1.216,-2.932
0.032,-0.036,0.000,2.832,-1.246,-2.901
0.023,-0.002,0.000,2.799,-1.270,-2.870
0.013,0.022,0.000,2.771,-1.289,-2.844
0.003,0.035,0.000,2.749,-1.301,-2.825
-0.006,0.036,-0.000,2.739,-1.307,-2.818
-0.014,0.025,-0.000,2.741,-1.307,-2.824
-0.022,0.003,0.000,2.756,-1.299,-2.843
-0.028,-0.028,0.000,2.781,-1.286,-2.872
-0.033,-0.068,-0.000,2.812,-1.265,-2.907
-0.036,-0.114,0.000,2.846,-1.239,-2.945
-0.039,-0.165,-0.000,2.879,-1.207,-2.982
-0.040,-0.220,0.000,2.909,-1.170,-3.016
-0.040,-0.278,0.000,2.936,-1.130,-3.047
-0.040,-0.337,-0.000,2.958,-1.086,-3.073
-0.039,-0.400,-0.000,2.976,-1.041,-3.095
-0.038,-0.465,0.000,2.991,-0.994,-3.113
-0.036,-0.535,0.000,3.002,-0.947,-3.127
-0.034,-0.611,0.000,3.010,-0.900,-3.138
-0.031,-0.696,0.000,3.016,-0.853,3.137
-0.027,-0.793,-0.000,3.019,-0.807,3.132
-0.021,-0.905,0.000,3.021,-0.762,3.129
-0.010,-1.036,0.000,3.021,-0.718,3.128
0.012,-1.185,0.000,3.019,-0.674,3.129
0.074,-1.351,0.000,3.016,-0.632,3.131
0.621,-1.520,0.000,3.013,-0.589,3.134
2.836,-1.426,-0.000,3.008,-0.546,3.138
2.956,-1.258,0.000,3.003,-0.504,-3.141
2.986,-1.103,0.000,2.997,-0.460,-3.136
2.997,-0.965,0.000,2.992,-0.416,-3.131
3.000,-0.841,-0.000,2.986,-0.371,-3.127
2.999,-0.728,0.000,2.980,-0.325,-3.122
2.996,-0.621,0.000,2.974,-0.278,-3.118
2.991,-0.515,0.000,2.969,-0.230,-3.115
2.984,-0.406,0.000,2.964,-0.181,-3.112
2.976,-0.291,0.000,2.960,-0.132,-3.109
2.966,-0.169,0.000,2.956,-0.083,-3.107
2.957,-0.042,0.000,2.952,-0.034,-3.105
2.947,0.085,0.000,2.949,0.012,-3.103
2.938,0.207,0.000,2.947,0.056,-3.102
2.930,0.316,0.000,2.946,0.097,-3.100
2.925,0.408,0.000,2.946,0.133,-3.099
2.922,0.481,0.000,2.947,0.164,-3.097
2.922,0.533,-0.000,2.949,0.188,-3.095
2.926,0.567,0.000,2.951,0.206,-3.093
2.933,0.583,-0.000,2.955,0.216,-3.091
2.942,0.582,0.000,2.959,0.219,-3.089
2.953,0.568,0.000,2.963,0.214,-3.086
2.966,0.539,0.000,2.968,0.201,-3.084
2.979,0.499,0.000,2.973,0.181,-3.082
2.993,0.447,0.000,2.978,0.155,-3.080
3.005,0.385,-0.000,2.982,0.123,-3.078
3.017,0.315,0.000,2.987,0.087,-3.076
3.027,0.237,0.000,2.990,0.047,-3.075
3.035,0.153,0.000,2.993,0.004,-3.074
3.041,0.065,0.000,2.995,-0.041,-3.073
3.046,-0.028,-0.000,2.997,-0.088,-3.073
3.049,-0.125,-0.000,2.997,-0.135,-3.073
3.050,-0.227,0.000,2.998,-0.182,-3.073
3.049,-0.334,-0.000,2.997,-0.229,-3.073
3.046,-0.447,0.000,2.997,-0.275,-3.073
3.041,-0.569,0.000,2.995,-0.321,-3.073
3.032,-0.701,0.000,2.994,-0.365,-3.073
3.017,-0.846,0.000,2.992,-0.409,-3.073
2.989,-1.005,0.000,2.991,-0.452,-3.072
2.929,-1.178,0.000,2.989,-0.495,-3.070
2.751,-1.360,0.000,2.986,-0.537,-3.067
1.529,-1.493,-0.000,2.983,-0.578,-3.062
0.358,-1.354,0.000,2.980,-0.620,-3.057
0.185,-1.167,0.000,2.975,-0.661,-3.049
0.125,-0.987,0.000,2.969,-0.703,-3.040
0.095,-0.823,0.000,2.962,-0.745,-3.029
0.077,-0.674,-0.000,2.952,-0.787,-3.016
0.065,-0.541,0.000,2.940,-0.830,-3.000
0.055,-0.422,0.000,2.924,-0.873,-2.981
0.047,-0.315,0.000,2.906,-0.916,-2.959
0.040,-0.218,0.000,2.883,-0.960,-2.933
0.034,-0.130,0.000,2.855,-1.003,-2.904
0.028,-0.049,0.000,2.822,-1.045,-2.870
0.021,0.024,0.000,2.783,-1.086,-2.831
0.015,0.091,0.000,2.738,-1.125,-2.787
0.009,0.151,0.000,2.687,-1.161,-2.738
0.003,0.204,0.000,2.630,-1.194,-2.683
-0.002,0.251,-0.000,2.569,-1.223,-2.624
-0.007,0.291,0.000,2.506,-1.248,-2.563
-0.012,0.324,0.000,2.445,-1.268,-2.505
-0.015,0.350,0.000,2.390,-1.283,-2.453
-0.018,0.368,-0.000,2.348,-1.293,-2.413
-0.021,0.378,0.000,2.322,-1.299,-2.389
-0.023,0.380,0.000,2.316,-1.301,-2.384
-0.024,0.373,0.000,2.329,-1.298,-2.399
-0.025,0.356,0.000,2.361,-1.290,-2.433
-0.026,0.331,0.000,2.408,-1.278,-2.481
-0.027,0.295,0.000,2.464,-1.260,-2.538
-0.028,0.250,0.000,2.524,-1.238,-2.599
-0.028,0.196,0.000,2.583,-1.210,-2.661
-0.029,0.135,0.000,2.638,-1.178,-2.719
-0.030,0.067,0.000,2.687,-1.142,-2.771
-0.031,-0.006,0.000,2.730,-1.102,-2.818
-0.032,-0.081,0.000,2.765,-1.061,-2.860
-0.034,-0.157,-0.000,2.794,-1.018,-2.896
-0.036,-0.232,0.000,2.817,-0.974,-2.927
-0.039,-0.307,0.000,2.836,-0.929,-2.954
-0.042,-0.381,-0.000,2.849,-0.885,-2.978
-0.047,-0.455,0.000,2.860,-0.841,-2.998
-0.053,-0.532,0.000,2.867,-0.797,-3.015
-0.061,-0.613,0.000,2.871,-0.754,-3.030
-0.070,-0.702,-0.000,2.874,-0.712,-3.043
-0.083,-0.802,0.000,2.875,-0.670,-3.053
-0.101,-0.916,0.000,2.875,-0.628,-3.062
-0.130,-1.048,-0.000,2.875,-0.586,-3.069
-0.182,-1.200,0.000,2.873,-0.545,-3.075
-0.327,-1.370,0.000,2.871,-0.503,-3.079
-1.563,-1.512,0.000,2.869,-0.460,-3.083
-2.896,-1.369,0.000,2.867,-0.416,-3.085
-3.048,-1.181,0.000,2.864,-0.372,-3.088
-3.105,-1.003,0.000,2.861,-0.326,-3.089
-3.139,-0.840,0.000,2.858,-0.279,-3.091
3.119,-0.694,0.000,2.854,-0.231,-3.093
3.098,-0.559,-0.000,2.850,-0.181,-3.095
3.079,-0.435,0.000,2.845,-0.131,-3.098
3.059,-0.316,0.000,2.840,-0.080,-3.100
3.040,-0.202,-0.000,2.834,-0.030,-3.104
3.020,-0.091,0.000,2.828,0.019,-3.107
3.001,0.014,0.000,2.822,0.067,-3.111
2.982,0.111,0.000,2.817,0.111,-3.115
2.965,0.198,0.000,2.811,0.152,-3.119
2.950,0.272,-0.000,2.807,0.187,-3.122
2.937,0.332,0.000,2.803,0.216,-3.124
2.929,0.375,0.000,2.801,0.238,-3.125
2.924,0.402,-0.000,2.800,0.252,-3.125
2.924,0.413,0.000,2.800,0.258,-3.123
2.927,0.409,0.000,2.803,0.256,-3.119
2.934,0.390,0.000,2.807,0.245,-3.114
2.944,0.357,0.000,2.812,0.227,-3.107
2.955,0.311,0.000,2.817,0.201,-3.098
2.967,0.253,0.000,2.823,0.169,-3.089
2.980,0.185,0.000,2.829,0.132,-3.079
2.992,0.106,0.000,2.835,0.091,-3.069
3.004,0.020,-0.000,2.840,0.046,-3.059
3.015,-0.074,0.000,2.844,-0.000,-3.049
3.024,-0.173,0.000,2.846,-0.048,-3.039
3.031,-0.276,-0.000,2.847,-0.096,-3.030
3.037,-0.383,0.000,2.847,-0.144,-3.022
3.041,-0.492,0.000,2.846,-0.191,-3.014
3.043,-0.604,-0.000,2.844,-0.238,-3.006
3.044,-0.717,0.000,2.840,-0.283,-3.000
3.042,-0.832,0.000,2.836,-0.327,-2.993
3.038,-0.949,0.000,2.831,-0.371,-2.987
3.031,-1.066,0.000,2.826,-0.413,-2.981
3.017,-1.185,0.000,2.820,-0.455,-2.974
2.989,-1.304,0.000,2.813,-0.496,-2.967
2.915,-1.422,0.000,2.806,-0.536,-2.960
2.348,-1.533,0.000,2.798,-0.577,-2.950
0.227,-1.478,-0.000,2.790,-0.617,-2.940
0.076,-1.364,-0.000,2.780,-0.657,-2.927
0.035,-1.252,0.000,2.769,-0.697,-2.911
0.018,-1.142,0.000,2.755,-0.738,-2.893
0.010,-1.035,0.000,2.740,-0.778,-2.871
0.006,-0.931,0.000,2.721,-0.819,-2.846
0.004,-0.831,-0.000,2.698,-0.859,-2.816
0.003,-0.735,0.000,2.671,-0.899,-2.781
0.003,-0.644,0.000,2.638,-0.938,-2.741
0.002,-0.556,0.000,2.600,-0.977,-2.695
0.002,-0.473,-0.000,2.554,-1.014,-2.642
0.001,-0.394,0.000,2.502,-1.049,-2.583
-0.001,-0.318,0.000,2.443,-1.081,-2.518
-0.004,-0.246,-0.000,2.377,-1.110,-2.448
-0.007,-0.177,-0.000,2.306,-1.136,-2.374
-0.012,-0.112,-0.000,2.232,-1.157,-2.299
-0.017,-0.051,0.000,2.159,-1.174,-2.226
-0.023,0.005,0.000,2.091,-1.187,-2.159
-0.030,0.055,0.000,2.031,-1.197,-2.102
-0.037,0.097,0.000,1.983,-1.204,-2.059
-0.044,0.129,0.000,1.950,-1.208,-2.031
-0.051,0.151,0.000,1.934,-1.210,-2.022
-0.058,0.162,0.000,1.936,-1.211,-2.031
-0.065,0.162,0.000,1.956,-1.209,-2.059
-0.070,0.150,0.000,1.992,-1.205,-2.103
-0.076,0.128,0.000,2.043,-1.198,-2.162
-0.081,0.096,0.000,2.105,-1.187,-2.232
-0.086,0.055,0.000,2.173,-1.172,-2.308
-0.091,0.007,-0.000,2.244,-1.152,-2.386
-0.095,-0.049,0.000,2.313,-1.128,-2.463
-0.100,-0.111,0.000,2.378,-1.100,-2.535
-0.105,-0.179,0.000,2.437,-1.068,-2.601
-0.109,-0.253,0.000,2.489,-1.034,-2.660
-0.114,-0.333,0.000,2.534,-0.997,-2.711
-0.120,-0.420,0.000,2.572,-0.958,-2.756
-0.126,-0.514,0.000,2.604,-0.919,-2.794
-0.132,-0.615,0.000,2.631,-0.878,-2.827
-0.141,-0.725,0.000,2.653,-0.838,-2.856
-0.152,-0.844,-0.000,2.671,-0.797,-2.880
-0.167,-0.973,0.000,2.685,-0.756,-2.902
-0.193,-1.111,0.000,2.697,-0.714,-2.921
-0.243,-1.259,0.000,2.705,-0.672,-2.938
-0.400,-1.415,0.000,2.712,-0.630,-2.953
-2.115,-1.519,0.000,2.716,-0.587,-2.967
-3.017,-1.362,0.000,2.719,-0.543,-2.980
-3.129,-1.173,-0.000,2.720,-0.498,-2.992
3.110,-0.974,-0.000,2.719,-0.453,-3.004
3.084,-0.771,0.000,2.718,-0.407,-3.016
3.064,-0.569,0.000,2.715,-0.361,-3.027
3.047,-0.377,-0.000,2.711,-0.316,-3.038
3.031,-0.201,0.000,2.706,-0.271,-3.048
3.015,-0.045,0.000,2.701,-0.227,-3.058
2.999,0.087,0.000,2.696,-0.186,-3.067
2.984,0.196,0.000,2.690,-0.147,-3.075
2.969,0.282,-0.000,2.685,-0.113,-3.082
2.956,0.346,0.000,2.681,-0.082,-3.087
2.945,0.392,0.000,2.677,-0.057,-3.091
2.937,0.420,0.000,2.674,-0.037,-3.094
2.932,0.432,0.000,2.673,-0.024,-3.094
2.932,0.430,0.000,2.673,-0.017,-3.093
2.935,0.416,0.000,2.674,-0.016,-3.089
2.942,0.391,0.000,2.676,-0.022,-3.084
2.951,0.356,0.000,2.679,-0.034,-3.076
2.963,0.314,0.000,2.683,-0.052,-3.067
2.975,0.265,0.000,2.686,-0.076,-3.056
2.988,0.211,0.000,2.690,-0.104,-3.044
3.000,0.152,0.000,2.692,-0.136,-3.031
3.010,0.089,0.000,2.694,-0.172,-3.017
3.019,0.020,0.000,2.695,-0.211,-3.002
3.026,-0.055,0.000,2.694,-0.252,-2.987
3.032,-0.140,0.000,2.692,-0.294,-2.972
3.035,-0.236,-0.000,2.689,-0.338,-2.957
3.037,-0.345,-0.000,2.684,-0.382,-2.942
3.038,-0.468,0.000,2.678,-0.426,-2.927
3.038,-0.605,0.000,2.671,-0.470,-2.912
3.038,-0.751,0.000,2.663,-0.513,-2.898
3.039,-0.900,0.000,2.654,-0.556,-2.883
3.042,-1.046,0.000,2.644,-0.599,-2.868
3.048,-1.185,0.000,2.633,-0.640,-2.853
3.062,-1.313,0.000,2.621,-0.681,-2.837
3.097,-1.431,-0.000,2.608,-0.722,-2.819
-2.935,-1.538,0.000,2.593,-0.762,-2.800
-0.255,-1.499,0.000,2.576,-0.801,-2.778
-0.166,-1.402,0.000,2.557,-0.839,-2.753
-0.138,-1.306,0.000,2.534,-0.877,-2.724
-0.121,-1.211,-0.000,2.506,-0.915,-2.690
-0.108,-1.114,-0.000,2.472,-0.952,-2.650
-0.097,-1.016,0.000,2.432,-0.988,-2.603
-0.087,-0.916,0.000,2.382,-1.023,-2.547
-0.079,-0.815,-0.000,2.323,-1.056,-2.481
-0.072,-0.713,0.000,2.253,-1.087,-2.404
-0.066,-0.612,-0.000,2.171,-1.115,-2.316
-0.061,-0.513,0.000,2.079,-1.138,-2.217
-0.058,-0.417,0.000,1.977,-1.156,-2.110
-0.056,-0.327,0.000,1.871,-1.168,-1.999
-0.055,-0.245,0.000,1.765,-1.175,-1.889
-0.054,-0.171,0.000,1.666,-1.178,-1.787
-0.055,-0.107,-0.000,1.578,-1.176,-1.696
-0.057,-0.055,0.000,1.506,-1.173,-1.622
-0.060,-0.013,0.000,1.451,-1.170,-1.566
-0.062,0.016,0.000,1.415,-1.167,-1.529
-0.066,0.032,-0.000,1.399,-1.166,-1.513
-0.069,0.036,-0.000,1.401,-1.167,-1.516
-0.071,0.028,0.000,1.424,-1.171,-1.538
-0.073,0.008,-0.000,1.466,-1.175,-1.581
-0.073,-0.024,0.000,1.527,-1.180,-1.643
-0.071,-0.067,0.000,1.606,-1.183,-1.723
-0.068,-0.119,-0.000,1.700,-1.183,-1.818
-0.062,-0.178,0.000,1.804,-1.179,-1.923
-0.055,-0.244,0.000,1.912,-1.170,-2.033
-0.046,-0.313,0.000,2.019,-1.154,-2.141
-0.035,-0.385,0.000,2.120,-1.133,-2.243
-0.024,-0.456,0.000,2.212,-1.107,-2.335
-0.012,-0.527,0.000,2.292,-1.077,-2.417
0.001,-0.596,0.000,2.361,-1.044,-2.488
0.013,-0.663,-0.000,2.420,-1.009,-2.548
0.025,-0.729,0.000,2.470,-0.972,-2.600
0.037,-0.793,0.000,2.512,-0.935,-2.644
0.049,-0.858,0.000,2.547,-0.897,-2.682
0.061,-0.923,0.000,2.577,-0.859,-2.715
0.074,-0.991,0.000,2.601,-0.821,-2.743
0.091,-1.063,0.000,2.622,-0.782,-2.769
0.116,-1.140,0.000,2.640,-0.743,-2.791
0.157,-1.225,0.000,2.655,-0.705,-2.812
0.239,-1.318,0.000,2.667,-0.666,-2.830
0.457,-1.417,-0.000,2.678,-0.626,-2.848
1.336,-1.490,-0.000,2.687,-0.586,-2.864
2.452,-1.426,0.000,2.694,-0.546,-2.880
2.733,-1.298,0.000,2.701,-0.504,-2.896
2.830,-1.155,0.000,2.706,-0.462,-2.911
2.874,-1.009,0.000,2.711,-0.419,-2.926
2.897,-0.865,0.000,2.716,-0.375,-2.941
2.910,-0.723,0.000,2.719,-0.330,-2.956
2.918,-0.586,0.000,2.723,-0.284,-2.971
2.922,-0.452,0.000,2.726,-0.237,-2.987
2.925,-0.322,-0.000,2.728,-0.191,-3.002
2.927,-0.196,0.000,2.730,-0.145,-3.018
2.929,-0.075,0.000,2.732,-0.099,-3.033
2.931,0.038,0.000,2.733,-0.056,-3.048
2.933,0.143,0.000,2.733,-0.015,-3.062
2.935,0.234,0.000,2.734,0.022,-3.074
2.938,0.312,-0.000,2.735,0.054,-3.086
2.942,0.374,0.000,2.735,0.081,-3.096
2.946,0.420,0.000,2.736,0.101,-3.103
2.950,0.452,0.000,2.737,0.114,-3.109
2.955,0.469,0.000,2.738,0.120,-3.112
2.959,0.472,0.000,2.740,0.118,-3.112
2.964,0.462,-0.000,2.743,0.109,-3.110
2.969,0.439,0.000,2.745,0.092,-3.105
2.973,0.404,0.000,2.747,0.068,-3.099
2.977,0.356,0.000,2.750,0.039,-3.090
2.980,0.296,-0.000,2.752,0.004,-3.080
2.983,0.224,0.000,2.753,-0.035,-3.068
2.985,0.139,0.000,2.753,-0.077,-3.056
2.985,0.042,0.000,2.753,-0.121,-3.043
2.985,-0.069,0.000,2.752,-0.167,-3.030
2.983,-0.191,-0.000,2.749,-0.214,-3.017
2.980,-0.325,-0.000,2.746,-0.260,-3.003
2.975,-0.467,0.000,2.742,-0.306,-2.990
2.968,-0.615,0.000,2.737,-0.351,-2.976
2.959,-0.765,0.000,2.731,-0.396,-2.962
2.946,-0.914,0.000,2.724,-0.439,-2.949
2.927,-1.057,0.000,2.717,-0.481,-2.935
2.895,-1.194,0.000,2.708,-0.523,-2.921
2.829,-1.323,0.000,2.699,-0.563,-2.906
2.638,-1.443,0.000,2.689,-0.603,-2.890
1.435,-1.521,-0.000,2.677,-0.642,-2.873
0.306,-1.443,0.000,2.665,-0.681,-2.855
0.127,-1.335,0.000,2.650,-0.719,-2.834
0.068,-1.225,-0.000,2.634,-0.758,-2.811
0.042,-1.115,0.000,2.615,-0.796,-2.786
0.030,-1.006,0.000,2.593,-0.834,-2.757
0.025,-0.898,0.000,2.568,-0.872,-2.724
0.023,-0.792,0.000,2.539,-0.910,-2.687
0.023,-0.690,0.000,2.504,-0.947,-2.644
0.024,-0.591,0.000,2.464,-0.984,-2.595
0.025,-0.498,0.000,2.417,-1.019,-2.540
0.026,-0.412,0.000,2.363,-1.053,-2.478
0.026,-0.332,0.000,2.300,-1.085,-2.407
0.026,-0.260,-0.000,2.230,-1.114,-2.330
0.024,-0.195,-0.000,2.152,-1.140,-2.246
0.022,-0.137,0.000,2.069,-1.162,-2.157
0.019,-0.087,-0.000,1.983,-1.179,-2.067
0.016,-0.045,0.000,1.900,-1.192,-1.981
0.012,-0.010,0.000,1.823,-1.201,-1.902
0.009,0.018,0.000,1.757,-1.208,-1.835
0.005,0.039,0.000,1.707,-1.212,-1.785
0.002,0.054,0.000,1.675,-1.215,-1.754
-0.001,0.063,0.000,1.665,-1.217,-1.745
-0.004,0.067,0.000,1.677,-1.219,-1.760
-0.006,0.067,0.000,1.714,-1.220,-1.799
-0.007,0.064,-0.000,1.775,-1.219,-1.863
-0.008,0.060,0.000,1.859,-1.215,-1.949
