ax, ay, az, gx, gy, gz, temp
0.75657, 0.33758, -9.63666, 0.00306, -0.00040, 0.05183, 24.67508
0.11492, 0.06464, -9.62708, -0.00386, 0.02758, 0.05289, 24.72301
0.12450, 0.02873, -9.52892, -0.03131, 0.06742, 0.04930, 24.81885
0.18675, 0.03831, -9.48583, -0.01905, 0.05542, 0.05822, 24.72301
-9.48343, -1.30963, -8.10677, -0.10086, 0.16694, 0.06315, 24.72301
1.46046, 0.35913, -8.82982, -0.00626, 0.01905, 0.05023, 24.81885
0.16759, -0.04549, -9.54089, -0.02598, 0.05849, 0.05303, 24.86678
0.19393, 0.02394, -9.58399, -0.03158, 0.06502, 0.05796, 24.91470
0.14365, 0.05267, -9.64624, -0.03730, 0.07354, 0.06155, 24.72301
0.40223, 0.07901, -9.49301, -0.01519, 0.04370, 0.07354, 24.72301
0.62489, 0.23224, -9.38767, -0.00666, 0.02198, 0.05423, 24.48339
0.25139, 0.00718, -9.55765, -0.00466, 0.02678, 0.05129, 24.72301
0.17957, 0.05986, -9.56244, -0.00480, 0.03251, 0.05129, 24.81885
0.19393, 0.09098, -9.52892, -0.01092, 0.03011, 0.05076, 24.72301
0.19154, 0.09098, -9.55287, -0.01026, 0.03344, 0.05223, 24.72301
0.21069, 0.09816, -9.61511, -0.01306, 0.02531, 0.05076, 24.72301
0.22027, 0.04788, -9.57920, -0.00746, 0.03317, 0.05156, 25.05847
0.22266, 0.04549, -9.61033, -0.00386, 0.02598, 0.05036, 24.67508
0.15562, 0.06704, -9.55287, -0.00640, 0.02878, 0.04970, 24.72301
0.22266, 0.06704, -9.61272, -0.00799, 0.02864, 0.04890, 24.86678
0.20351, 0.04310, -9.54329, -0.00719, 0.02758, 0.04970, 24.72301
0.25857, 0.03831, -9.57681, -0.00506, 0.02864, 0.05316, 24.81885
0.23224, 0.08380, -9.53371, -0.00946, 0.02758, 0.05529, 24.67508
0.22266, 0.06704, -9.55287, -0.00546, 0.02611, 0.05009, 24.72301
0.18435, 0.05746, -9.55287, -0.00480, 0.02358, 0.04930, 24.62716
0.21787, 0.10056, -9.55287, -0.00773, 0.02678, 0.05103, 24.81885
0.23942, -0.08140, -9.53610, 0.00759, 0.02318, 0.05249, 24.81885
0.26336, 0.10534, -9.64384, -0.00200, 0.03544, 0.05156, 24.62716
0.30885, 0.13408, -9.52174, 0.00027, 0.01825, 0.04890, 24.67508
0.25139, 0.07422, -9.62948, 0.00173, 0.01439, 0.05796, 24.62716
0.20351, 0.07183, -9.60314, -0.00600, 0.02252, 0.05223, 24.81885
0.22266, 0.04549, -9.60554, -0.00413, 0.02678, 0.05369, 24.91470
0.23703, 0.09337, -9.55287, -0.00346, 0.02145, 0.05596, 24.72301
0.14365, 0.00958, -9.53610, -0.00693, 0.03264, 0.05023, 24.81885
0.13168, 0.04549, -9.44991, -0.00413, 0.02891, 0.05156, 24.67508
0.18675, 0.08619, -9.50738, -0.00253, 0.03491, 0.04490, 24.81885
0.19632, 0.02634, -9.56723, -0.01146, 0.04077, 0.04610, 24.72301
0.40701, 0.11253, -9.68455, -0.00147, 0.02105, 0.05169, 24.62716
0.56264, -0.01915, -9.60075, 0.00213, 0.02931, 0.04263, 24.72301
0.31125, 0.05746, -9.54568, -0.00466, 0.01719, 0.05009, 25.01054
0.16520, 0.01676, -9.55526, -0.00719, 0.03531, 0.05289, 24.86678
0.27773, 0.05507, -9.56962, -0.00893, 0.02332, 0.04450, 24.72301
0.30406, 0.06225, -9.57920, -0.01212, 0.03384, 0.04876, 24.72301
0.24181, 0.09816, -9.46189, 0.02451, -0.01386, 0.05502, 24.81885
0.23942, 0.05986, -9.56962, -0.00240, 0.02491, 0.04930, 24.72301
0.16041, 0.09816, -9.53610, -0.00613, 0.03371, 0.03118, 24.81885
-0.15802, 0.35195, -9.58399, -0.02092, 0.04850, 0.02798, 24.72301
0.07661, 0.28252, -9.60793, -0.01466, 0.05329, -0.02278, 24.81885
-2.08774, -0.36392, -9.73243, -0.02731, 0.08993, -0.22090, 25.01054
-1.29047, -0.72784, -8.90883, 0.02265, -0.01545, -1.16950, 24.72301
0.42617, -0.05028, -9.93833, 0.04796, 0.01199, -1.38347, 25.01054
1.49877, 0.26336, -9.62230, -0.01386, 0.02411, -0.84322, 24.62716
1.29047, 0.46448, -9.53610, -0.02771, 0.02758, -0.40942, 24.72301
0.78290, 0.53151, -9.55287, -0.01053, 0.01146, -0.06382, 24.72301
0.88107, 0.93853, -9.54089, -0.00919, 0.02678, 0.14735, 24.72301
0.10295, -0.21069, -9.59835, 0.01585, -0.00453, 0.04263, 24.72301
0.19632, -0.02394, -9.55047, -0.00253, 0.02705, 0.05116, 24.81885
0.27294, 0.00479, -9.54329, -0.01026, 0.02185, 0.04890, 24.72301
0.29688, 0.20830, -9.57202, 0.00040, 0.01692, 0.05169, 24.81885
0.22266, 0.10295, -9.63187, -0.00107, 0.01399, 0.05103, 24.72301
0.20590, 0.04549, -9.53371, -0.01346, 0.02358, 0.05089, 24.72301
0.15802, -0.07422, -9.54808, -0.05023, 0.02718, 0.04890, 24.72301
0.25139, 0.00958, -9.57441, -0.08127, 0.01066, 0.05263, 24.81885
0.16041, 0.23942, -9.62230, 0.02318, 0.03451, 0.05063, 24.72301
0.46926, -0.82600, -9.52174, -0.03997, 0.02491, 0.05822, 24.62716
0.31843, -0.52433, -9.42597, -0.03504, 0.02758, 0.05049, 24.67508
0.23463, 0.09098, -9.54808, -0.02345, 0.01159, 0.05689, 24.38755
0.23463, 0.07661, -9.56244, -0.03451, 0.00493, 0.05343, 24.72301
0.15802, 0.22984, -9.61272, -0.01332, 0.00959, 0.04943, 24.62716
0.19872, 0.16999, -9.59117, -0.00826, 0.01772, 0.05423, 24.72301
0.27294, 0.09337, -9.56005, -0.01252, 0.00626, 0.05502, 24.81885
0.16999, 0.69192, -9.61511, -0.03717, -0.00693, 0.31296, 24.86678
0.21069, 0.67516, -9.57681, -0.00360, 0.01466, 0.70120, 24.72301
0.00479, 0.36631, -9.59835, -0.01772, 0.00733, 1.05559, 24.72301
0.30646, 0.37589, -9.53371, -0.00560, -0.00226, 1.25610, 24.91470
0.26576, -0.02394, -9.61272, -0.01532, -0.00959, 1.32991, 24.81885
0.21069, 0.06225, -9.54808, 0.00240, -0.00453, 1.22813, 24.72301
0.37110, 0.42617, -9.69173, 0.05902, 0.01332, 1.23345, 25.01054
0.37350, 0.35434, -9.62708, 0.04197, -0.00306, 1.27569, 25.01054
0.11732, -0.24900, -9.46428, -0.00293, 0.00200, 1.14259, 24.81885
-0.15562, -0.73263, -9.63187, -0.02118, -0.00759, 0.66935, 24.67508
-0.37350, 0.02873, -9.52892, 0.02238, 0.00280, 0.08833, 25.01054
0.14365, 0.24181, -9.62948, 0.05223, 0.01466, 0.05063, 24.86678
0.23703, 0.02394, -9.57202, 0.04197, 0.00613, 0.05423, 24.72301
0.34477, 0.13168, -9.63906, 0.09073, -0.03158, 0.06728, 24.72301
0.16520, 0.01197, -9.66060, 0.03717, -0.05223, 0.04450, 24.86678
0.47405, 0.16999, -9.75637, 0.09340, -0.14482, 0.07341, 24.72301
0.99120, 0.03112, -9.99340, 0.17107, -0.34907, 0.21144, 24.86678
1.06781, 0.21787, -10.05325, 0.04210, -0.68774, 0.09806, 24.72301
0.56743, 0.05507, -9.88566, 0.06075, -0.97485, 0.04743, 24.86678
-0.14365, 0.09337, -9.71088, 0.02212, -1.08330, 0.05809, 24.53132
0.78051, 0.90261, -9.47386, 0.00959, -1.08623, 0.19265, 24.72301
0.14365, 0.33519, -9.41640, 0.02611, -1.02255, 0.37518, 24.86678
-0.45011, -0.08380, -9.36372, 0.05263, -0.97166, 0.47497, 24.91470
-0.50278, -0.12929, -9.40921, 0.06115, -0.87853, 0.55451, 24.86678
-0.87628, -0.11492, -9.37330, 0.07754, -0.79086, 0.59781, 24.86678
-0.32561, 0.21069, -9.72764, 0.11111, -0.88346, 0.65710, 24.53132
-0.67756, -0.44293, -9.62469, 0.09553, -1.08051, 0.57196, 24.72301
-1.69988, -0.57700, -9.56244, 0.07155, -1.24598, 0.27779, 24.86678
-2.11408, -0.42138, -9.50738, 0.02838, -1.50818, 0.07741, 24.72301
-2.33674, -0.32561, -9.16500, -0.03304, -1.67192, -0.09579, 24.72301
-2.48039, -0.20351, -9.10275, -0.16494, -1.69204, -0.19505, 24.72301
-2.66475, 0.21069, -9.13627, -0.35133, -1.82207, -0.20518, 24.86678
-2.54743, 0.05507, -9.08121, -0.39210, -1.89042, -0.30323, 24.62716
-3.50751, -0.79966, -8.54969, -0.02518, -1.80315, -0.45898, 24.72301
-3.26090, 0.75896, -8.66701, 0.00213, -1.77917, -0.18479, 25.05847
-3.67989, 0.08380, -8.62152, 0.04290, -1.73041, 0.04423, 24.91470
-3.99113, -0.02634, -8.53294, 0.11604, -1.66939, 0.16494, 24.81885
-4.37899, 0.05746, -8.31027, 0.16241, -1.56120, 0.24781, 24.62716
-4.57293, -0.27533, -8.19056, 0.10552, -1.42891, 0.29671, 24.81885
-4.72137, 0.03831, -8.14986, 0.14322, -1.36749, 0.27086, 24.86678
-4.43646, 0.05267, -8.30788, 0.13976, -1.40479, 0.24408, 24.72301
-4.53701, -0.09816, -8.22408, 0.10885, -1.52430, 0.21504, 24.72301
-4.90333, -0.24181, -8.01818, 0.06502, -1.62795, 0.06142, 24.91470
-4.97994, -0.15562, -7.90565, -0.02625, -1.71429, -0.05236, 24.81885
-5.50666, 0.05267, -7.58004, -0.13243, -1.77251, -0.19398, 24.81885
-5.87777, 0.15562, -7.20655, -0.24315, -1.77970, -0.30350, 24.72301
-5.94241, -0.03112, -7.18739, -0.24102, -1.79596, -0.35693, 24.67508
-6.26802, 0.11732, -6.94318, -0.22902, -1.77890, -0.37092, 24.72301
-6.20577, 0.10295, -7.00783, -0.05662, -1.82580, -0.30004, 24.81885
-6.49547, -0.06464, -6.68222, 0.00173, -1.88043, -0.22982, 24.72301
-6.55532, 0.05986, -6.62236, 0.13496, -1.95996, -0.15148, 24.53132
-6.51941, -0.23703, -6.38773, 0.22756, -2.12251, -0.02904, 24.81885
-7.34302, 0.14844, -6.04296, 0.10472, -2.24441, 0.07168, 24.86678
-7.35738, -0.42856, -5.42526, 0.06462, -2.35713, 0.03238, 24.86678
-8.23845, -0.30167, -4.48673, 0.05263, -1.61343, 0.05263, 24.72301
-7.83862, -0.07183, -4.59208, 0.20544, -1.80102, 0.12231, 24.81885
-8.16662, -0.73741, -4.06535, 0.04850, -1.98608, 0.03064, 24.81885
-8.76757, -0.79487, -3.61524, -0.20251, -2.02498, -0.08500, 24.67508
-9.39964, -0.26815, -2.94247, -0.28671, -1.88069, -0.11231, 25.01054
-9.47146, -0.09577, -2.52349, -0.20851, -1.66512, -0.07874, 24.62716
-9.54329, -0.10774, -2.71024, -0.08487, -1.49832, -0.00253, 24.91470
-9.27274, -0.36152, -2.57377, -0.10539, -1.39200, -0.00986, 24.62716
-9.45470, -0.22266, -2.37984, -0.05955, -1.33618, 0.00919, 24.86678
-9.56244, -0.37110, -1.92973, -0.11485, -1.22679, -0.00173, 25.05847
-9.66060, -0.21787, -1.90578, -0.12990, -1.07824, -0.00440, 24.81885
-9.50019, 0.06225, -1.97761, 0.00653, -0.99764, 0.03917, 24.67508
-9.04769, -0.25618, -1.98000, 0.02465, -1.07171, 0.03890, 24.86678
-9.44273, -0.30167, -1.54187, 0.02771, -1.14526, 0.03251, 24.91470
-8.76038, -0.21548, -0.77093, 0.00360, -0.95074, 0.05209, 25.01054
-9.18655, -0.38547, -1.47962, 0.01239, -0.96180, 0.03331, 24.81885
-9.61751, -0.55545, -1.05345, -0.07101, -0.90744, 0.02785, 24.81885
-9.77553, -0.41180, -0.79966, -0.07847, -0.83962, 0.02891, 24.81885
-9.60314, -0.43574, -0.85234, -0.11818, -0.81564, 0.02012, 24.81885
-9.63187, -0.50996, -0.68235, -0.19172, -0.83896, 0.01506, 24.72301
-9.85214, -0.03831, -0.58179, -0.15335, -0.74623, 0.02518, 24.91470
-9.86411, -0.22745, -0.42617, -0.12470, -0.64737, 0.02944, 24.86678
-9.58638, -0.17957, -0.41659, -0.02625, -0.61047, 0.04383, 24.86678
-9.56484, -0.38547, -0.28491, -0.01732, -0.65576, 0.05116, 24.81885
-9.75398, -0.33040, -0.07661, -0.02745, -0.65297, 0.04237, 24.53132
-9.79707, -0.39025, 0.14365, -0.05143, -0.59248, 0.04503, 25.01054
-9.92876, -0.43096, 0.14844, -0.08447, -0.52906, 0.04050, 24.53132
-9.82820, -0.35674, 0.22745, -0.09846, -0.45805, 0.03810, 24.81885
-9.57920, -0.28970, -0.02873, -0.07354, -0.48310, 0.03970, 24.72301
-9.69652, -0.18914, -0.01915, -0.01092, -0.49549, 0.04010, 24.62716
-9.66539, -0.31125, 0.34716, 0.00879, -0.50401, 0.03757, 24.72301
-9.73722, -0.31364, 0.46926, 0.01625, -0.47444, 0.04517, 24.86678
-9.75158, -0.33519, 0.45490, 0.01998, -0.45605, 0.04596, 24.72301
-9.61751, -0.24900, 0.54109, 0.02971, -0.44579, 0.04863, 24.86678
-9.39724, -0.11732, 0.48363, 0.09513, -0.50561, 0.04636, 24.86678
-9.41879, -0.47884, 0.64404, 0.06675, -0.60540, 0.04570, 24.81885
-9.72285, -0.34716, 0.88585, 0.07568, -0.65230, 0.04330, 24.62716
-9.88326, -0.52912, 1.22344, 0.02012, -0.57609, 0.04903, 24.72301
-10.01495, -0.31843, 1.28569, 0.00919, -0.44539, 0.05116, 24.62716
-9.77553, -0.36871, 1.18274, 0.00613, -0.35853, 0.05423, 25.05847
-9.54808, -0.24181, 1.14443, 0.02518, -0.37704, 0.04836, 24.81885
-9.54329, -0.42856, 1.18274, 0.06368, -0.43700, 0.04796, 24.91470
-9.63187, -0.50278, 1.31442, 0.00413, -0.45765, 0.05156, 24.72301
-9.80186, -0.31843, 1.46046, 0.00573, -0.39636, 0.04983, 24.72301
-9.63666, -0.31603, 1.50116, 0.00346, -0.36545, 0.04943, 24.72301
-9.54089, -0.33519, 1.52511, 0.00520, -0.36785, 0.04970, 24.91470
-9.46907, -0.33040, 1.54665, 0.00053, -0.41675, 0.05049, 24.81885
-9.42118, -0.38786, 1.73101, -0.02691, -0.47910, 0.05716, 24.72301
-9.50259, -0.34955, 1.71904, -0.03904, -0.51521, 0.06062, 24.48339
-9.73722, -0.25139, 1.73340, -0.02478, -0.47923, 0.05263, 24.91470
-9.57681, -0.20590, 1.83635, 0.00799, -0.46364, 0.04557, 24.91470
-9.49062, -0.36392, 2.01592, 0.01359, -0.48962, 0.04636, 24.86678
-9.65103, -0.32082, 2.09253, 0.00799, -0.46111, 0.05063, 24.81885
-9.80905, -0.33279, 2.30322, 0.00773, -0.36292, 0.04943, 24.81885
-9.75158, -0.34237, 2.30801, 0.00746, -0.23542, 0.08660, 24.86678
-9.75877, -0.16520, 2.25534, 0.02292, -0.01239, 0.07874, 24.72301
-9.47625, -0.26815, 2.19788, 0.00053, -0.01785, 0.07634, 24.81885
-9.07642, -0.19632, 2.04944, 0.04703, -0.13616, 0.11298, 24.86678
-9.19852, -0.27054, 2.09014, 0.10245, -0.26833, 0.18546, 24.86678
-9.02375, -0.16041, 2.26252, 0.17280, -0.37251, 0.19079, 24.81885
-9.31823, -0.34477, 2.27928, 0.19465, -0.41035, 0.21157, 24.91470
-9.60314, -0.13647, 2.75333, 0.00000, -0.28432, 0.15468, 24.86678
-9.47146, -0.19632, 3.07416, 0.00280, -0.20944, 0.13470, 24.81885
-8.98544, -0.28491, 3.35907, -0.05423, -0.20677, 0.14629, 24.86678
-9.27753, 0.01676, 3.04782, -0.07461, -0.23355, 0.16800, 24.72301
-9.52892, 0.39025, 2.62165, 0.04557, -0.26926, 0.15495, 24.86678
-9.19613, 0.09337, 2.94966, 0.10778, -0.29604, 0.13323, 24.81885
-8.96389, 0.16520, 2.98078, 0.04423, -0.33361, 0.16174, 24.91470
-9.33499, 0.19632, 3.20105, 0.08700, -0.34560, 0.18386, 24.81885
-9.60075, 0.33040, 2.59531, 0.19838, -0.25594, 0.11858, 24.72301
-9.27274, -0.00958, 3.16992, 0.13856, -0.22569, 0.08687, 24.81885
-9.89045, -0.43096, 2.96402, 0.03730, -0.13723, 0.13603, 24.72301
-9.53610, 0.07901, 3.21781, -0.00027, 0.01239, 0.05489, 24.86678
-9.28471, 0.04310, 3.18189, -0.00173, 0.01905, 0.05836, 24.86678
-9.24641, 0.04310, 3.07416, -0.00040, -0.00187, 0.07075, 24.72301
-9.37330, 0.08859, 3.20584, 0.00133, -0.00013, 0.07008, 24.72301
-9.32063, 0.06464, 3.14598, 0.00107, 0.01239, 0.05796, 24.62716
-9.27514, 0.08619, 3.07894, -0.00320, 0.00733, 0.05982, 24.72301
-9.35654, 0.11732, 3.17232, -0.00426, 0.01679, 0.06302, 24.81885
-9.06924, -0.12210, 3.31836, -0.06515, 0.01945, 0.06915, 24.91470
-9.27514, -0.24421, 3.36625, -0.10952, 0.01665, 0.08713, 24.91470
-9.32302, 0.14605, 2.96642, -0.09246, 0.00893, 0.08713, 24.86678
-9.26077, 0.13408, 3.16274, -0.08887, 0.01346, 0.08727, 24.86678
-9.40442, 0.29209, 3.08373, -0.08993, 0.01519, 0.08074, 24.72301
-9.43076, 0.18675, 2.97839, -0.06195, 0.02971, 0.06968, 24.72301
-9.28711, 0.04549, 3.19626, -0.07341, 0.01905, 0.07381, 24.72301
-9.27993, 0.00239, 3.12683, -0.07434, 0.02158, 0.07434, 24.62716
-9.36851, 0.31364, 2.95444, -0.00493, 0.00480, 0.06328, 24.86678
-9.25838, 0.05028, 3.18908, 0.00506, -0.01146, 0.07767, 24.72301
-9.25838, 0.07183, 3.04303, 0.01226, -0.05756, 0.11005, 24.81885
-9.29669, 0.11013, 3.18908, 0.01266, -0.06848, 0.12537, 24.91470
-9.31344, 0.14126, 3.21541, 0.01039, -0.05995, 0.11578, 24.86678
-9.33020, 0.14126, 3.22260, 0.01172, -0.03930, 0.10312, 24.72301
-9.29669, 0.03831, 3.22978, -0.01146, 0.03477, 0.05236, 24.72301
-9.26796, 0.22027, 3.36625, -0.00640, 0.02225, 0.04850, 24.86678
-9.29190, 0.10534, 3.22499, -0.00426, 0.02078, 0.04823, 24.62716
-9.28471, 0.13647, 3.25611, -0.00440, 0.02944, 0.04863, 24.86678
-9.24401, 0.12929, 3.26090, -0.00533, 0.02438, 0.05089, 24.81885
-9.25838, 0.08859, 3.22499, -0.00853, 0.02118, 0.04890, 24.53132
-9.29190, 0.09577, 3.26809, -0.00493, 0.02425, 0.04543, 25.01054
-9.25120, 0.16759, 3.21302, -0.00386, 0.02438, 0.04730, 24.72301
-9.29190, 0.09337, 3.28006, 0.00133, 0.02705, 0.05156, 24.91470
-9.25359, 0.14844, 3.26569, -0.00373, 0.02651, 0.05329, 24.86678
-9.25598, 0.16041, 3.22499, -0.00719, 0.02758, 0.05196, 25.01054
-9.23444, 0.11492, 3.22260, -0.00959, 0.02904, 0.04796, 24.91470
-9.28471, 0.11492, 3.22738, -0.00320, 0.02265, 0.04916, 24.81885
-9.26077, 0.14365, 3.23217, -0.00520, 0.02638, 0.04823, 24.81885
-9.29190, 0.13408, 3.26090, -0.00346, 0.02625, 0.04796, 24.67508
-9.27035, 0.13408, 3.28963, -0.00506, 0.02611, 0.04983, 24.86678
-9.27753, 0.14605, 3.19387, -0.00693, 0.02665, 0.05143, 24.81885
-9.27753, 0.16281, 3.18668, -0.00533, 0.02518, 0.05236, 24.86678
-9.28711, 0.11253, 3.28006, -0.00400, 0.02345, 0.05089, 24.62716
-9.26317, 0.12450, 3.25372, -0.00133, 0.02811, 0.05036, 24.91470
-9.27753, 0.12450, 3.26809, -0.00693, 0.02252, 0.05289, 24.81885
-9.28232, 0.17238, 3.29682, -0.00173, 0.02731, 0.05223, 24.72301
-9.27514, 0.15323, 3.24175, -0.00426, 0.02545, 0.05036, 24.72301
-9.25359, 0.12929, 3.18189, -0.00586, 0.02518, 0.04770, 24.81885
-9.30866, 0.07661, 3.20823, -0.00746, 0.02425, 0.04930, 25.01054
-9.26796, 0.12210, 3.23217, -0.00653, 0.02478, 0.04823, 24.67508
-9.25838, 0.12210, 3.21302, -0.00560, 0.02425, 0.05223, 25.05847
-9.27993, 0.16041, 3.21781, -0.00706, 0.02411, 0.05329, 24.81885
-9.27514, 0.13886, 3.16274, -0.00666, 0.02478, 0.05396, 24.91470
-9.25598, 0.09337, 3.23696, -0.00440, 0.02425, 0.04916, 24.91470
-9.27993, 0.13168, 3.22260, -0.00746, 0.02372, 0.05369, 24.91470
-9.26317, 0.12689, 3.22499, -0.00759, 0.02625, 0.05636, 24.91470
-9.27274, 0.11971, 3.20105, -0.00786, 0.02305, 0.04783, 24.91470
-9.24880, 0.11013, 3.21062, -0.00733, 0.02411, 0.04610, 24.81885
-9.26317, 0.12450, 3.23935, -0.00693, 0.02531, 0.05023, 24.72301
-9.25598, 0.10774, 3.27287, -0.00360, 0.02038, 0.05009, 24.81885
-9.28950, 0.15083, 3.20823, -0.00200, 0.02518, 0.05409, 24.86678
-9.31344, 0.12210, 3.21302, 0.00147, 0.02332, 0.05209, 24.72301
-9.25120, 0.12450, 3.20584, -0.00187, 0.02691, 0.05489, 24.86678
-9.24641, 0.11732, 3.28245, -0.00160, 0.02545, 0.04943, 24.91470
-9.25838, 0.13168, 3.24893, -0.00253, 0.02132, 0.05049, 24.81885
-9.25598, 0.11732, 3.19865, -0.00893, 0.02545, 0.05196, 24.72301
-9.25120, 0.15802, 3.18908, -0.00759, 0.02305, 0.05169, 24.91470
-9.27753, 0.09337, 3.20823, -0.00067, 0.02372, 0.05076, 24.86678
-9.32302, 0.10774, 3.22260, -0.00733, 0.02385, 0.04890, 24.62716
-9.24880, 0.09577, 3.23217, -0.00613, 0.02238, 0.04756, 24.72301
-9.26556, 0.11732, 3.25372, -0.00320, 0.02625, 0.04983, 25.15431
-9.26077, 0.12450, 3.26330, -0.00679, 0.02491, 0.05009, 24.72301
-9.34696, 0.14844, 3.18429, -0.00187, 0.02372, 0.04663, 24.91470
-9.30626, 0.11732, 3.21541, -0.00187, 0.02305, 0.04397, 24.72301
-9.30387, 0.12450, 3.26090, -0.00133, 0.02451, 0.05569, 24.86678
-9.26796, 0.14365, 3.23696, -0.00826, 0.02771, 0.05249, 25.01054
-9.24880, 0.11732, 3.27527, -0.00506, 0.02705, 0.05236, 24.91470
-9.28232, 0.15562, 3.15795, 0.00093, 0.02558, 0.05249, 24.72301
-9.25598, 0.13168, 3.19626, -0.00506, 0.02038, 0.05036, 24.72301
-9.29190, 0.10056, 3.22738, -0.00200, 0.02278, 0.05356, 24.72301
-9.26077, 0.11492, 3.25851, -0.00426, 0.02372, 0.05356, 24.53132
-9.28711, 0.09337, 3.15556, -0.00493, 0.02132, 0.04703, 24.81885
-9.29190, 0.12210, 3.25372, -0.00493, 0.02398, 0.05196, 24.86678
-9.30866, 0.13408, 3.16274, -0.00160, 0.02425, 0.05436, 24.91470
-9.27753, 0.16281, 3.24893, -0.00506, 0.02252, 0.05236, 24.91470
-9.26317, 0.14605, 3.27048, -0.00200, 0.02491, 0.05169, 25.01054
-9.28471, 0.11732, 3.24175, -0.00506, 0.02878, 0.04570, 24.62716
-9.26317, 0.11732, 3.23217, -0.00053, 0.02638, 0.04996, 24.72301
-9.22486, 0.15802, 3.19387, -0.00293, 0.02731, 0.04983, 24.81885
-9.27753, 0.16041, 3.17950, -0.00653, 0.02838, 0.04903, 24.81885
-9.31105, 0.16041, 3.16513, -0.00560, 0.02518, 0.05249, 24.72301
-9.27035, 0.13168, 3.19147, -0.00480, 0.02238, 0.04463, 24.86678
-9.23683, 0.09098, 3.21541, -0.00466, 0.02598, 0.05103, 24.91470
-9.24401, 0.09577, 3.26809, -0.00493, 0.02265, 0.05196, 24.81885
-9.30866, 0.10056, 3.16753, -0.00453, 0.02558, 0.05036, 24.62716
-9.29908, 0.15802, 3.12204, -0.00520, 0.02478, 0.05263, 24.72301
-9.30147, 0.17238, 3.20105, -0.00533, 0.02465, 0.04956, 24.62716
-9.25598, 0.17238, 3.12204, -0.00266, 0.02518, 0.04930, 24.67508
-9.25359, 0.13168, 3.30160, -0.00147, 0.02611, 0.05276, 25.01054
-9.17458, 0.12450, 3.22978, -0.00067, 0.03357, 0.05556, 24.86678
-9.45949, 0.13886, 3.24414, -0.00413, 0.02265, 0.04983, 24.86678
-9.15543, -0.05746, 3.21781, -0.00786, 0.02585, 0.04956, 24.67508
-9.32063, 0.08619, 3.13880, -0.00759, 0.02225, 0.05009, 24.86678
-9.24880, 0.21069, 3.19147, -0.00440, 0.02358, 0.05436, 25.05847
-9.32781, 0.26336, 3.31597, -0.00466, 0.02558, 0.05049, 24.81885
-9.16979, 0.18435, 3.30639, -0.00027, 0.02998, 0.05143, 24.86678
-9.31584, 0.07422, 3.24414, -0.00759, 0.02798, 0.05063, 24.91470
-9.33739, 0.02873, 3.15795, -0.00213, 0.03024, 0.05596, 24.81885
-9.28711, 0.15083, 3.17711, -0.00586, 0.02478, 0.05396, 24.91470
-9.28711, 0.19872, 3.27766, -0.00706, 0.01919, 0.04810, 24.72301
-9.28232, 0.20590, 3.29442, -0.00626, 0.02731, 0.04930, 24.72301
-9.27514, 0.10774, 3.22499, -0.00226, 0.02611, 0.05209, 24.72301
-9.26796, 0.04070, 3.20344, -0.00200, 0.02505, 0.04943, 24.72301
-9.29190, 0.10295, 3.15077, -0.00386, 0.02092, 0.04690, 24.81885
-9.25359, 0.14126, 3.14598, -0.00560, 0.02598, 0.04970, 25.01054
-9.26796, 0.18675, 3.23935, -0.00813, 0.02585, 0.04863, 24.86678
-9.32542, 0.19393, 3.25611, -0.00586, 0.02638, 0.04943, 24.81885
-9.26556, 0.16281, 3.19865, -0.00693, 0.02118, 0.05249, 24.81885
-9.27993, 0.16759, 3.20344, -0.00733, 0.02252, 0.04943, 24.91470
-9.25598, 0.12689, 3.19387, 0.00107, 0.02718, 0.04703, 25.01054
-9.27753, 0.14605, 3.20584, -0.00813, 0.02691, 0.05023, 24.91470
-9.32781, 0.12210, 3.21302, -0.00586, 0.02691, 0.04916, 24.81885
-9.30866, 0.08140, 3.22260, -0.00320, 0.02691, 0.04916, 24.86678
-9.27274, 0.11013, 3.18429, -0.00533, 0.02718, 0.05343, 24.72301
-9.24880, 0.17717, 3.21062, -0.00266, 0.02851, 0.05036, 25.05847
-9.23922, 0.16520, 3.24893, -0.00666, 0.02398, 0.05316, 24.72301
-9.26556, 0.14605, 3.26330, -0.00053, 0.02531, 0.04970, 25.01054
-9.30147, 0.11253, 3.28245, -0.00426, 0.02971, 0.05383, 25.01054
-9.29908, 0.09816, 3.22738, -0.00533, 0.02745, 0.05289, 24.72301
-9.27514, 0.12210, 3.26090, -0.00759, 0.02158, 0.05009, 24.86678
-9.28950, 0.14844, 3.15316, -0.00346, 0.02505, 0.04876, 24.72301
-9.29669, 0.18196, 3.23935, -0.01226, 0.02691, 0.04970, 24.91470
-9.28232, 0.16281, 3.20105, -0.00493, 0.02731, 0.04783, 25.01054
-9.26796, 0.15083, 3.28245, -0.00480, 0.02545, 0.05009, 24.86678
-9.28232, 0.08140, 3.25611, -0.00506, 0.02625, 0.05303, 24.81885
-9.28711, 0.08380, 3.26330, -0.00533, 0.02505, 0.04703, 24.91470
-9.27035, 0.15323, 3.14838, -0.00213, 0.02411, 0.05196, 24.91470
-9.30626, 0.20111, 3.19387, -0.00266, 0.02691, 0.05023, 24.81885
-9.30387, 0.11013, 3.24893, -0.00746, 0.02518, 0.05209, 24.62716
-9.24880, 0.08619, 3.28245, -0.00400, 0.02451, 0.04716, 24.72301
-9.27753, 0.06943, 3.21781, -0.00400, 0.02478, 0.04930, 25.05847
-9.27993, 0.13408, 3.23217, -0.00520, 0.02598, 0.05076, 24.62716
-9.29669, 0.18675, 3.29442, -0.00546, 0.02971, 0.05223, 24.86678
-9.26556, 0.16281, 3.24414, -0.00613, 0.02771, 0.04943, 24.91470
-9.28711, 0.13647, 3.19865, -0.00626, 0.02372, 0.05143, 24.81885
-9.27274, 0.11732, 3.27766, -0.00600, 0.02212, 0.05329, 25.05847
-9.27993, 0.15323, 3.24414, -0.00453, 0.02425, 0.05249, 24.67508
-9.28471, 0.16041, 3.15316, -0.00493, 0.02478, 0.04876, 24.91470
-9.25120, 0.11732, 3.17711, -0.00520, 0.02318, 0.05183, 25.15431
-9.23683, 0.06464, 3.15316, -0.00413, 0.02025, 0.05063, 25.01054
-9.27514, 0.12929, 3.22020, -0.00666, 0.02625, 0.05276, 24.86678
-9.32063, 0.15323, 3.24893, -0.00719, 0.02825, 0.05049, 24.86678
-9.28232, 0.12450, 3.26330, -0.00520, 0.02691, 0.04996, 24.62716
-9.29190, 0.15323, 3.23696, -0.00480, 0.02558, 0.05156, 25.01054
-9.30626, 0.12929, 3.20344, -0.00306, 0.02238, 0.05196, 24.91470
-9.28232, 0.08380, 3.25372, -0.00147, 0.02611, 0.05303, 24.72301
-9.26317, 0.10534, 3.25611, -0.00679, 0.02465, 0.05409, 24.72301
-9.28471, 0.15562, 3.29921, -0.00626, 0.02598, 0.05196, 24.91470
-9.28232, 0.15323, 3.24654, -0.00266, 0.03104, 0.05116, 24.86678
-9.27753, 0.13408, 3.19147, -0.00333, 0.02491, 0.04890, 24.67508
-9.29908, 0.11253, 3.17232, -0.00586, 0.02465, 0.05409, 24.72301
-9.25838, 0.18435, 3.23935, -0.00799, 0.02345, 0.04983, 24.53132
-9.28711, 0.15562, 3.20105, -0.00160, 0.02372, 0.05103, 24.81885
-9.26317, 0.13408, 3.28484, -0.00666, 0.02411, 0.05409, 24.91470
-9.28950, 0.12210, 3.17950, -0.00493, 0.02758, 0.05169, 24.86678
-9.27993, 0.12689, 3.18189, -0.00973, 0.02731, 0.04756, 25.01054
-9.29669, 0.15802, 3.24654, -0.00413, 0.02345, 0.05289, 24.81885
-9.25359, 0.13168, 3.28006, -0.00719, 0.02518, 0.04530, 24.81885
-9.29669, 0.11732, 3.21062, -0.00240, 0.02651, 0.05209, 24.86678
-9.25838, 0.10774, 3.25372, -0.00773, 0.02611, 0.05516, 24.86678
-9.28232, 0.13886, 3.19626, -0.00453, 0.02665, 0.04703, 24.81885
-9.27035, 0.15802, 3.20344, -0.00613, 0.02545, 0.05116, 25.01054
-9.24880, 0.12689, 3.17232, 0.00067, 0.02425, 0.05209, 24.81885
-9.31584, 0.12450, 3.24175, -0.00187, 0.02691, 0.04730, 24.72301
-9.27993, 0.09577, 3.19865, -0.00200, 0.02545, 0.05542, 24.91470
-9.24401, 0.14844, 3.19865, -0.00466, 0.02598, 0.04970, 24.91470
-9.29190, 0.09816, 3.19387, -0.00933, 0.03238, 0.04916, 24.86678
-9.25838, 0.13408, 3.19626, -0.00506, 0.02598, 0.05196, 24.91470
-9.28950, 0.11253, 3.24414, -0.00320, 0.02745, 0.04916, 24.86678
-9.30387, 0.11732, 3.20105, -0.00733, 0.02691, 0.05103, 24.81885
-9.24880, 0.16281, 3.20584, -0.00693, 0.02265, 0.05649, 25.01054
-9.29908, 0.12450, 3.19626, -0.00400, 0.02838, 0.05049, 24.67508
-9.27993, 0.05746, 3.17232, -0.00160, 0.02731, 0.04836, 24.91470
-9.28232, 0.11732, 3.21781, -0.00746, 0.02758, 0.04876, 24.91470
-9.27993, 0.09577, 3.20344, -0.00533, 0.02385, 0.05049, 24.86678
-9.28711, 0.16041, 3.24654, -0.00360, 0.02345, 0.04970, 24.72301
-9.25598, 0.11013, 3.23217, -0.00799, 0.02718, 0.05249, 24.81885
-9.27514, 0.13408, 3.20823, -0.00426, 0.02411, 0.04903, 25.01054
-9.26556, 0.11013, 3.21541, -0.00759, 0.02864, 0.04557, 24.81885
-9.29669, 0.12689, 3.26090, -0.00386, 0.02811, 0.05529, 24.86678
-9.26317, 0.14605, 3.20584, -0.00027, 0.02825, 0.04930, 24.91470
-9.27514, 0.15802, 3.23217, -0.00626, 0.02398, 0.05169, 24.81885
-9.27753, 0.12450, 3.22020, -0.00773, 0.02811, 0.05049, 24.81885
-9.26317, 0.13886, 3.16753, -0.00573, 0.02451, 0.05409, 24.86678
-9.29429, 0.09577, 3.15795, -0.00839, 0.02491, 0.05343, 24.91470
-9.31344, 0.12210, 3.18668, -0.00466, 0.02984, 0.05596, 24.81885
-9.25120, 0.17238, 3.24893, -0.01053, 0.02132, 0.04996, 24.91470
-9.29429, 0.12210, 3.24654, -0.00426, 0.02265, 0.05183, 25.01054
-9.27993, 0.10774, 3.25133, -0.00520, 0.02531, 0.05049, 24.91470
-9.24641, 0.12210, 3.23935, -0.00506, 0.02771, 0.05009, 24.81885
-9.25359, 0.14844, 3.27048, -0.00759, 0.02491, 0.05076, 24.72301
-9.29669, 0.12210, 3.19865, -0.00466, 0.02625, 0.04756, 24.67508
-9.26077, 0.11732, 3.21541, -0.00693, 0.02558, 0.05196, 24.72301
-9.28711, 0.10774, 3.23696, -0.00360, 0.02478, 0.05303, 25.01054
-9.23922, 0.15323, 3.24893, -0.00147, 0.02931, 0.05009, 24.86678
-9.29908, 0.12210, 3.19147, -0.00733, 0.02678, 0.04876, 24.72301
