m_roll,m_pitch,m_yaw,f_roll,f_pitch,f_yaw
5.650,6.194,1.571,5.652,6.195,1.571
5.746,6.212,1.571,5.699,6.204,1.572
5.856,6.230,1.571,5.752,6.213,1.572
5.973,6.247,1.571,5.809,6.223,1.573
6.088,6.264,1.571,5.866,6.232,1.574
6.194,6.279,1.571,5.922,6.241,1.574
0.001,0.009,1.571,5.977,6.250,1.575
0.075,0.020,1.571,6.027,6.257,1.575
0.134,0.029,1.571,6.074,6.264,1.575
0.179,0.035,1.571,6.116,6.270,1.575
0.210,0.039,1.571,6.155,6.276,1.575
0.227,0.040,1.571,6.189,6.280,1.575
0.230,0.038,1.571,6.218,0.000,1.574
0.220,0.033,1.571,6.242,0.003,1.574
0.199,0.029,1.571,6.262,0.005,1.573
0.171,0.024,1.571,6.277,0.006,1.572
0.140,0.019,1.571,0.005,0.007,1.572
0.110,0.015,1.571,0.013,0.008,1.572
0.083,0.012,1.571,0.018,0.008,1.571
0.059,0.009,1.571,0.021,0.008,1.571
0.040,0.007,1.571,0.022,0.008,1.571
0.026,0.005,1.571,0.022,0.008,1.571
0.015,0.004,1.571,0.022,0.007,1.571
0.008,0.003,1.571,0.021,0.007,1.571
0.003,0.003,1.571,0.020,0.007,1.571
0.001,0.002,1.571,0.019,0.006,1.571
6.283,0.002,1.571,0.017,0.006,1.572
0.000,0.003,1.571,0.016,0.006,1.572
0.001,0.003,1.571,0.015,0.006,1.572
0.002,0.003,1.571,0.014,0.006,1.572
0.003,0.003,1.571,0.014,0.005,1.572
0.004,0.004,1.571,0.013,0.005,1.572
0.004,0.004,1.571,0.012,0.005,1.572
0.005,0.004,1.571,0.012,0.005,1.572
0.005,0.004,1.571,0.011,0.005,1.572
0.006,0.004,1.571,0.011,0.005,1.572
0.005,0.004,1.571,0.010,0.005,1.572
0.005,0.004,1.571,0.010,0.005,1.572
0.005,0.004,1.571,0.010,0.005,1.572
0.004,0.003,1.571,0.009,0.005,1.572
0.004,0.003,1.571,0.009,0.005,1.572
0.004,0.002,1.571,0.008,0.004,1.572
0.003,0.002,1.571,0.008,0.004,1.573
0.003,0.001,1.571,0.008,0.004,1.573
0.004,0.001,1.571,0.008,0.004,1.573
0.004,0.001,1.571,0.007,0.004,1.573
0.006,0.001,1.571,0.007,0.003,1.573
0.007,0.001,1.571,0.007,0.003,1.573
0.009,0.001,1.571,0.007,0.003,1.573
0.012,0.002,1.571,0.008,0.003,1.573
0.015,0.003,1.571,0.008,0.003,1.573
0.018,0.004,1.571,0.009,0.003,1.573
0.021,0.006,1.571,0.009,0.003,1.573
0.024,0.008,1.571,0.010,0.003,1.573
0.026,0.010,1.571,0.011,0.003,1.573
0.027,0.012,1.571,0.012,0.004,1.573
0.027,0.013,1.571,0.013,0.004,1.573
0.025,0.013,1.571,0.014,0.005,1.573
0.022,0.013,1.571,0.014,0.005,1.573
0.018,0.012,1.571,0.014,0.005,1.573
0.015,0.010,1.571,0.014,0.006,1.573
0.012,0.009,1.571,0.014,0.006,1.573
0.009,0.008,1.571,0.014,0.006,1.573
0.007,0.007,1.571,0.014,0.006,1.573
0.006,0.006,1.571,0.013,0.006,1.573
0.004,0.005,1.571,0.013,0.006,1.573
0.004,0.004,1.571,0.012,0.006,1.573
0.003,0.003,1.571,0.012,0.006,1.573
0.003,0.003,1.571,0.011,0.005,1.573
0.003,0.003,1.571,0.011,0.005,1.573
0.003,0.002,1.571,0.011,0.005,1.573
0.003,0.002,1.571,0.010,0.005,1.573
0.003,0.002,1.571,0.010,0.005,1.573
0.004,0.002,1.571,0.010,0.005,1.573
0.004,0.002,1.571,0.009,0.004,1.573
0.004,0.003,1.571,0.009,0.004,1.573
0.004,0.003,1.571,0.009,0.004,1.573
0.004,0.003,1.571,0.009,0.004,1.573
0.004,0.003,1.571,0.009,0.004,1.573
0.004,0.003,1.571,0.008,0.004,1.573
0.004,0.003,1.571,0.008,0.004,1.573
0.004,0.003,1.571,0.008,0.004,1.573
0.004,0.003,1.571,0.008,0.004,1.573
0.004,0.003,1.571,0.008,0.004,1.573
0.004,0.003,1.571,0.008,0.004,1.573
0.004,0.003,1.571,0.007,0.004,1.573
0.004,0.003,1.571,0.007,0.003,1.573
0.004,0.003,1.571,0.007,0.003,1.573
0.004,0.003,1.571,0.007,0.003,1.573
0.004,0.003,1.571,0.007,0.003,1.573
0.004,0.003,1.571,0.007,0.003,1.573
0.004,0.003,1.571,0.007,0.003,1.573
0.004,0.002,1.571,0.007,0.003,1.573
0.004,0.002,1.571,0.007,0.003,1.573
0.004,0.002,1.571,0.007,0.003,1.573
0.005,0.002,1.571,0.007,0.003,1.573
0.005,0.002,1.571,0.006,0.003,1.573
0.005,0.002,1.571,0.006,0.003,1.573
0.004,0.002,1.571,0.006,0.003,1.573
0.004,0.001,1.571,0.006,0.003,1.573
0.004,0.001,1.571,0.006,0.003,1.573
0.004,0.001,1.571,0.006,0.002,1.573
0.004,0.001,1.571,0.006,0.002,1.573
0.003,0.001,1.571,0.006,0.002,1.573
0.003,0.001,1.571,0.006,0.002,1.573
0.003,0.001,1.571,0.006,0.002,1.573
0.003,0.001,1.571,0.006,0.002,1.573
0.003,0.001,1.571,0.006,0.002,1.573
0.003,0.001,1.571,0.006,0.002,1.573
0.003,0.001,1.571,0.006,0.002,1.573
0.003,0.001,1.571,0.005,0.002,1.573
0.003,0.001,1.571,0.005,0.002,1.573
0.003,0.001,1.571,0.005,0.002,1.573
0.003,0.001,1.571,0.005,0.002,1.573
0.003,0.001,1.571,0.005,0.002,1.573
0.003,0.001,1.571,0.005,0.002,1.573
0.003,0.001,1.571,0.005,0.002,1.573
0.003,0.001,1.571,0.005,0.001,1.573
0.003,0.001,1.571,0.005,0.001,1.573
0.003,0.001,1.571,0.005,0.001,1.573
0.003,0.001,1.571,0.005,0.001,1.573
0.003,0.002,1.571,0.005,0.001,1.573
0.003,0.002,1.571,0.005,0.001,1.573
0.003,0.002,1.571,0.005,0.001,1.573
0.003,0.003,1.571,0.004,0.002,1.573
0.003,0.003,1.571,0.004,0.002,1.573
0.003,0.003,1.571,0.004,0.002,1.573
0.003,0.003,1.571,0.004,0.002,1.573
0.003,0.004,1.571,0.004,0.002,1.573
0.003,0.004,1.571,0.004,0.002,1.573
0.003,0.004,1.571,0.004,0.002,1.573
0.004,0.004,1.571,0.004,0.002,1.573
0.004,0.004,1.571,0.004,0.002,1.573
0.004,0.004,1.571,0.004,0.002,1.573
0.004,0.004,1.571,0.004,0.002,1.573
0.005,0.004,1.571,0.005,0.003,1.573
0.005,0.004,1.571,0.005,0.003,1.573
0.005,0.004,1.571,0.005,0.003,1.573
0.005,0.004,1.571,0.005,0.003,1.573
0.005,0.004,1.571,0.005,0.003,1.573
0.005,0.004,1.571,0.005,0.003,1.573
0.005,0.004,1.571,0.005,0.003,1.573
0.004,0.004,1.571,0.005,0.003,1.573
0.004,0.004,1.571,0.005,0.003,1.573
0.004,0.003,1.571,0.005,0.003,1.573
0.004,0.003,1.571,0.005,0.003,1.573
0.004,0.003,1.571,0.005,0.003,1.573
0.004,0.003,1.571,0.005,0.003,1.573
0.004,0.003,1.571,0.005,0.003,1.573
0.003,0.003,1.571,0.005,0.003,1.573
0.003,0.003,1.571,0.005,0.003,1.573
0.003,0.003,1.571,0.005,0.003,1.573
0.003,0.003,1.571,0.005,0.003,1.573
0.003,0.003,1.571,0.005,0.003,1.573
0.003,0.003,1.571,0.005,0.003,1.573
0.003,0.002,1.571,0.005,0.003,1.573
0.003,0.002,1.571,0.005,0.003,1.573
0.003,0.002,1.571,0.005,0.003,1.573
0.003,0.002,1.571,0.005,0.003,1.573
0.003,0.002,1.571,0.005,0.003,1.573
0.003,0.002,1.571,0.005,0.003,1.573
0.003,0.002,1.571,0.005,0.003,1.573
0.003,0.002,1.571,0.005,0.003,1.573
0.003,0.002,1.571,0.005,0.003,1.573
0.003,0.002,1.571,0.005,0.003,1.573
0.004,0.002,1.571,0.005,0.003,1.573
0.004,0.002,1.571,0.005,0.003,1.573
0.004,0.002,1.571,0.005,0.002,1.573
0.004,0.002,1.571,0.005,0.002,1.573
0.004,0.002,1.571,0.005,0.002,1.573
0.004,0.002,1.571,0.005,0.002,1.573
0.004,0.002,1.571,0.005,0.002,1.573
0.004,0.002,1.571,0.005,0.002,1.573
0.004,0.002,1.571,0.005,0.002,1.573
0.004,0.002,1.571,0.005,0.002,1.573
0.004,0.002,1.571,0.005,0.002,1.573
0.004,0.002,1.571,0.005,0.002,1.573
0.004,0.002,1.571,0.005,0.002,1.573
0.004,0.002,1.571,0.005,0.002,1.573
0.004,0.002,1.571,0.005,0.002,1.573
0.004,0.002,1.571,0.005,0.002,1.573
0.004,0.002,1.571,0.005,0.002,1.573
0.004,0.002,1.571,0.005,0.002,1.573
0.004,0.002,1.571,0.005,0.002,1.573
0.004,0.002,1.571,0.005,0.002,1.573
0.004,0.002,1.571,0.005,0.002,1.573
0.004,0.003,1.571,0.005,0.002,1.573
0.003,0.003,1.571,0.005,0.002,1.573
0.003,0.003,1.571,0.005,0.002,1.573
0.003,0.003,1.571,0.005,0.002,1.573
0.003,0.003,1.571,0.005,0.002,1.573
0.004,0.003,1.571,0.005,0.002,1.573
0.004,0.003,1.571,0.005,0.002,1.573
0.004,0.003,1.571,0.005,0.002,1.573
0.004,0.003,1.571,0.005,0.002,1.573
0.004,0.003,1.571,0.005,0.002,1.573
0.004,0.003,1.571,0.005,0.002,1.573
0.004,0.003,1.571,0.005,0.002,1.573
0.004,0.003,1.571,0.005,0.002,1.573
0.003,0.003,1.571,0.005,0.002,1.573
0.003,0.003,1.571,0.005,0.002,1.573
0.003,0.003,1.571,0.005,0.002,1.573
0.003,0.003,1.571,0.005,0.002,1.573
0.003,0.003,1.571,0.005,0.002,1.573
0.003,0.003,1.571,0.005,0.002,1.573
0.003,0.003,1.571,0.005,0.002,1.573
0.003,0.003,1.571,0.005,0.002,1.573
0.003,0.003,1.571,0.005,0.002,1.573
0.003,0.002,1.571,0.005,0.002,1.573
0.003,0.002,1.571,0.005,0.002,1.573
0.003,0.002,1.571,0.005,0.002,1.573
0.003,0.002,1.571,0.005,0.002,1.573
0.003,0.002,1.571,0.005,0.002,1.573
0.003,0.002,1.571,0.005,0.002,1.573
0.003,0.002,1.571,0.005,0.002,1.573
0.003,0.002,1.571,0.005,0.002,1.573
0.003,0.002,1.571,0.005,0.002,1.573
0.004,0.002,1.571,0.005,0.002,1.573
0.004,0.001,1.571,0.005,0.002,1.573
0.004,0.002,1.571,0.005,0.002,1.573
0.004,0.002,1.571,0.005,0.002,1.573
0.004,0.002,1.571,0.005,0.002,1.573
0.004,0.002,1.571,0.005,0.002,1.573
0.005,0.002,1.571,0.005,0.002,1.573
0.005,0.003,1.571,0.005,0.002,1.573
0.005,0.003,1.571,0.005,0.002,1.573
0.004,0.003,1.571,0.005,0.002,1.573
0.004,0.003,1.571,0.005,0.002,1.573
0.004,0.003,1.571,0.005,0.002,1.573
0.004,0.003,1.571,0.005,0.002,1.573
0.004,0.003,1.571,0.005,0.002,1.573
0.003,0.003,1.571,0.005,0.002,1.573
0.003,0.002,1.571,0.005,0.002,1.573
0.003,0.002,1.571,0.005,0.002,1.573
0.003,0.002,1.571,0.005,0.002,1.573
0.003,0.003,1.571,0.005,0.002,1.573
0.003,0.003,1.571,0.005,0.002,1.573
0.003,0.003,1.571,0.005,0.002,1.573
0.003,0.003,1.571,0.005,0.003,1.573
0.003,0.004,1.571,0.005,0.003,1.573
0.003,0.004,1.571,0.005,0.003,1.573
0.004,0.004,1.571,0.005,0.003,1.573
0.004,0.004,1.571,0.005,0.003,1.573
0.005,0.005,1.571,0.005,0.003,1.573
0.005,0.005,1.571,0.005,0.003,1.573
0.006,0.005,1.571,0.005,0.003,1.573
0.006,0.004,1.571,0.005,0.003,1.573
0.007,0.004,1.571,0.005,0.003,1.573
0.007,0.002,1.571,0.005,0.003,1.572
0.007,0.001,1.571,0.006,0.003,1.571
0.008,6.281,1.571,0.006,0.002,1.570
0.007,6.278,1.571,0.006,0.002,1.569
0.006,6.275,1.571,0.006,0.001,1.568
0.005,6.270,1.571,0.006,0.000,1.566
0.003,6.266,1.571,0.006,6.282,1.565
0.001,6.260,1.571,0.006,6.281,1.563
6.283,6.255,1.571,0.006,6.279,1.561
6.282,6.251,1.571,0.006,6.278,1.559
6.282,6.248,1.571,0.006,6.276,1.557
0.000,6.246,1.571,0.005,6.275,1.556
0.003,6.247,1.571,0.005,6.273,1.554
0.006,6.252,1.571,0.004,6.273,1.553
0.008,6.259,1.571,0.003,6.273,1.551
0.010,6.270,1.571,0.002,6.274,1.550
0.011,6.283,1.571,6.283,6.276,1.549
0.010,0.013,1.571,6.281,6.280,1.548
0.007,0.026,1.571,6.278,0.002,1.548
0.002,0.038,1.571,6.274,0.009,1.547
6.279,0.049,1.571,6.270,0.018,1.547
6.271,0.059,1.571,6.265,0.028,1.547
6.263,0.071,1.571,6.261,0.041,1.547
6.254,0.085,1.571,6.255,0.057,1.548
6.244,0.101,1.571,6.250,0.075,1.548
6.234,0.121,1.571,6.245,0.096,1.548
6.225,0.144,1.571,6.240,0.120,1.549
6.216,0.171,1.571,6.235,0.147,1.549
6.207,0.200,1.571,6.232,0.178,1.549
6.200,0.233,1.571,6.229,0.211,1.550
6.195,0.269,1.571,6.227,0.247,1.550
6.192,0.309,1.571,6.227,0.285,1.551
6.192,0.353,1.571,6.228,0.325,1.552
6.195,0.400,1.571,6.230,0.367,1.552
6.201,0.451,1.571,6.233,0.410,1.553
6.209,0.504,1.571,6.237,0.454,1.554
6.220,0.559,1.571,6.241,0.499,1.555
6.232,0.616,1.571,6.244,0.544,1.556
6.243,0.674,1.571,6.248,0.589,1.557
6.254,0.734,1.571,6.250,0.635,1.559
6.264,0.795,1.571,6.252,0.680,1.560
6.271,0.857,1.571,6.253,0.726,1.561
6.276,0.920,1.571,6.254,0.773,1.561
6.279,0.982,1.571,6.254,0.820,1.562
6.279,1.043,1.571,6.255,0.867,1.562
6.277,1.103,1.571,6.255,0.914,1.562
6.273,1.160,1.571,6.255,0.962,1.561
6.267,1.216,1.571,6.256,1.008,1.559
6.261,1.268,1.571,6.258,1.054,1.557
6.254,1.318,1.571,6.260,1.098,1.554
6.248,1.365,1.571,6.264,1.141,1.551
6.240,1.409,1.571,6.268,1.183,1.546
6.229,1.450,1.571,6.273,1.223,1.541
6.208,1.487,1.571,6.280,1.261,1.533
6.168,1.521,1.571,0.005,1.298,1.523
6.054,1.551,1.571,0.013,1.332,1.507
3.503,1.577,1.571,6.252,1.355,1.435
3.108,1.600,1.571,6.197,1.375,1.372
3.027,1.621,1.571,6.132,1.396,1.320
2.973,1.639,1.571,6.053,1.417,1.284
2.929,1.657,1.571,5.954,1.439,1.269
2.893,1.674,1.571,5.828,1.462,1.283
2.866,1.690,1.571,5.662,1.486,1.338
2.845,1.706,1.571,5.440,1.510,1.451
2.831,1.722,1.571,5.154,1.536,1.631
2.824,1.737,1.571,4.818,1.562,1.862
2.825,1.753,1.571,4.486,1.590,2.092
2.833,1.769,1.571,4.210,1.619,2.269
2.847,1.788,1.571,3.999,1.648,2.383
2.867,1.808,1.571,3.844,1.679,2.446
2.890,1.831,1.571,3.727,1.709,2.474
2.914,1.855,1.571,3.638,1.740,2.478
2.938,1.880,1.571,3.567,1.771,2.466
2.960,1.906,1.571,3.510,1.802,2.446
2.982,1.932,1.571,3.463,1.832,2.419
3.001,1.960,1.571,3.423,1.862,2.388
3.020,1.988,1.571,3.389,1.891,2.355
3.036,2.019,1.571,3.359,1.920,2.322
3.049,2.051,1.571,3.333,1.948,2.288
3.060,2.083,1.571,3.310,1.976,2.255
3.068,2.116,1.571,3.290,2.004,2.223
3.074,2.149,1.571,3.272,2.031,2.192
3.079,2.180,1.571,3.256,2.057,2.162
3.083,2.211,1.571,3.243,2.083,2.134
3.087,2.240,1.571,3.231,2.108,2.107
3.090,2.267,1.571,3.221,2.133,2.082
3.092,2.292,1.571,3.213,2.156,2.057
3.093,2.314,1.571,3.206,2.179,2.035
3.091,2.332,1.571,3.200,2.201,2.013
3.088,2.345,1.571,3.194,2.221,1.993
3.082,2.353,1.571,3.189,2.240,1.974
3.074,2.358,1.571,3.184,2.257,1.956
3.066,2.359,1.571,3.178,2.274,1.939
3.057,2.360,1.571,3.172,2.290,1.923
3.049,2.361,1.571,3.165,2.305,1.907
3.042,2.365,1.571,3.158,2.320,1.891
3.038,2.375,1.571,3.151,2.335,1.875
3.036,2.390,1.571,3.143,2.350,1.860
3.038,2.412,1.571,3.136,2.366,1.844
3.042,2.438,1.571,3.130,2.382,1.828
3.047,2.468,1.571,3.124,2.400,1.813
3.054,2.498,1.571,3.120,2.418,1.798
3.060,2.527,1.571,3.116,2.437,1.784
3.064,2.554,1.571,3.113,2.456,1.771
3.068,2.577,1.571,3.111,2.475,1.759
3.070,2.597,1.571,3.109,2.494,1.748
3.071,2.614,1.571,3.108,2.512,1.738
3.071,2.627,1.571,3.107,2.530,1.730
3.071,2.636,1.571,3.106,2.548,1.722
3.071,2.644,1.571,3.106,2.564,1.715
3.071,2.650,1.571,3.105,2.580,1.709
3.071,2.655,1.571,3.104,2.596,1.703
3.071,2.662,1.571,3.103,2.610,1.698
3.071,2.669,1.571,3.102,2.625,1.693
3.071,2.678,1.571,3.100,2.638,1.688
3.071,2.689,1.571,3.098,2.652,1.683
3.070,2.702,1.571,3.095,2.665,1.679
3.070,2.715,1.571,3.093,2.678,1.675
3.069,2.729,1.571,3.089,2.691,1.670
3.067,2.743,1.571,3.086,2.704,1.666
3.065,2.758,1.571,3.082,2.717,1.662
3.062,2.773,1.571,3.079,2.730,1.658
3.059,2.788,1.571,3.075,2.743,1.654
3.056,2.803,1.571,3.072,2.755,1.650
3.054,2.819,1.571,3.069,2.768,1.646
3.052,2.835,1.571,3.067,2.781,1.642
3.052,2.852,1.571,3.065,2.795,1.638
3.051,2.868,1.571,3.065,2.808,1.633
3.052,2.883,1.571,3.065,2.822,1.628
3.052,2.898,1.571,3.067,2.835,1.623
3.053,2.913,1.571,3.070,2.850,1.618
3.054,2.930,1.571,3.074,2.864,1.613
3.056,2.950,1.571,3.077,2.879,1.608
3.059,2.971,1.571,3.081,2.895,1.603
3.062,2.994,1.571,3.085,2.912,1.599
3.065,3.016,1.571,3.088,2.929,1.595
3.067,3.036,1.571,3.089,2.948,1.592
3.068,3.053,1.571,3.090,2.966,1.590
3.069,3.068,1.571,3.090,2.986,1.588
3.070,3.082,1.571,3.089,3.005,1.587
3.073,3.096,1.571,3.087,3.025,1.586
3.077,3.111,1.571,3.085,3.046,1.586
3.083,3.127,1.571,3.083,3.067,1.585
3.090,3.145,1.571,3.081,3.088,1.585
3.098,3.165,1.571,3.081,3.110,1.584
3.105,3.188,1.571,3.081,3.131,1.583
3.113,3.213,1.571,3.082,3.154,1.582
3.120,3.241,1.571,3.084,3.176,1.581
3.125,3.270,1.571,3.087,3.200,1.579
3.129,3.301,1.571,3.091,3.224,1.576
3.131,3.334,1.571,3.096,3.249,1.573
3.130,3.368,1.571,3.100,3.274,1.570
3.128,3.403,1.571,3.105,3.301,1.566
3.124,3.438,1.571,3.110,3.330,1.561
3.121,3.471,1.571,3.115,3.360,1.556
3.119,3.502,1.571,3.119,3.391,1.550
3.119,3.531,1.571,3.123,3.425,1.544
3.119,3.558,1.571,3.126,3.459,1.538
3.120,3.585,1.571,3.128,3.495,1.532
3.119,3.611,1.571,3.130,3.533,1.525
3.117,3.638,1.571,3.131,3.571,1.519
3.113,3.667,1.571,3.132,3.610,1.513
3.109,3.696,1.571,3.131,3.650,1.508
3.105,3.729,1.571,3.130,3.690,1.503
3.102,3.764,1.571,3.128,3.730,1.498
3.099,3.805,1.571,3.126,3.770,1.495
3.095,3.849,1.571,3.124,3.811,1.493
3.088,3.897,1.571,3.122,3.851,1.491
3.080,3.946,1.571,3.120,3.892,1.492
3.070,3.996,1.571,3.119,3.933,1.493
3.061,4.047,1.571,3.118,3.974,1.495
3.055,4.097,1.571,3.117,4.015,1.499
3.050,4.148,1.571,3.116,4.056,1.503
3.049,4.197,1.571,3.117,4.097,1.509
3.051,4.244,1.571,3.118,4.138,1.515
3.055,4.290,1.571,3.120,4.179,1.523
3.065,4.335,1.571,3.123,4.219,1.531
3.083,4.380,1.571,3.129,4.260,1.541
3.114,4.426,1.571,3.137,4.301,1.551
3.163,4.475,1.571,3.149,4.342,1.563
3.239,4.523,1.571,3.168,4.383,1.578
3.358,4.572,1.571,3.196,4.424,1.594
3.573,4.620,1.571,3.239,4.466,1.614
4.019,4.668,1.571,3.308,4.506,1.636
4.764,4.716,1.571,3.420,4.544,1.666
5.303,4.763,1.571,3.585,4.579,1.731
5.554,4.809,1.571,3.817,4.614,1.857
5.686,4.851,1.571,4.115,4.648,2.048
5.772,4.888,1.571,4.445,4.683,2.273
5.839,4.919,1.571,4.751,4.717,2.474
5.898,4.946,1.571,4.998,4.752,2.617
5.950,4.970,1.571,5.185,4.788,2.702
5.997,4.992,1.571,5.327,4.825,2.744
6.037,5.014,1.571,5.437,4.861,2.756
6.071,5.039,1.571,5.525,4.899,2.748
6.096,5.066,1.571,5.597,4.937,2.727
6.114,5.098,1.571,5.658,4.975,2.698
6.124,5.135,1.571,5.709,5.013,2.664
6.130,5.175,1.571,5.754,5.052,2.627
6.134,5.220,1.571,5.793,5.092,2.589
6.137,5.267,1.571,5.828,5.133,2.551
6.140,5.317,1.571,5.860,5.174,2.513
6.144,5.367,1.571,5.890,5.217,2.477
6.148,5.418,1.571,5.917,5.260,2.443
6.152,5.469,1.571,5.942,5.304,2.410
6.155,5.522,1.571,5.965,5.349,2.379
6.157,5.576,1.571,5.987,5.394,2.350
6.159,5.632,1.571,6.007,5.439,2.323
6.160,5.688,1.571,6.025,5.484,2.297
6.162,5.742,1.571,6.042,5.528,2.273
6.163,5.791,1.571,6.058,5.571,2.250
6.165,5.834,1.571,6.073,5.612,2.229
6.168,5.870,1.571,6.088,5.652,2.208
6.173,5.899,1.571,6.101,5.688,2.188
6.180,5.923,1.571,6.114,5.722,2.168
6.188,5.944,1.571,6.125,5.754,2.148
6.198,5.962,1.571,6.136,5.784,2.128
6.208,5.979,1.571,6.146,5.812,2.107
6.217,5.994,1.571,6.155,5.837,2.086
6.226,6.008,1.571,6.163,5.861,2.065
6.233,6.021,1.571,6.169,5.883,2.042
6.240,6.033,1.571,6.175,5.904,2.020
6.246,6.046,1.571,6.180,5.923,1.997
6.252,6.059,1.571,6.184,5.941,1.974
6.257,6.071,1.571,6.188,5.957,1.951
6.261,6.082,1.571,6.191,5.972,1.928
6.264,6.092,1.571,6.194,5.986,1.906
6.266,6.100,1.571,6.197,5.998,1.884
6.267,6.106,1.571,6.199,6.010,1.862
6.268,6.109,1.571,6.200,6.020,1.842
6.268,6.111,1.571,6.202,6.029,1.823
6.267,6.112,1.571,6.203,6.037,1.804
6.265,6.113,1.571,6.204,6.044,1.787
6.263,6.114,1.571,6.205,6.051,1.771
6.260,6.116,1.571,6.206,6.058,1.756
6.258,6.117,1.571,6.207,6.064,1.743
6.256,6.119,1.571,6.208,6.070,1.730
6.254,6.122,1.571,6.208,6.075,1.718
6.252,6.124,1.571,6.208,6.081,1.707
6.250,6.128,1.571,6.208,6.086,1.698
6.248,6.131,1.571,6.207,6.090,1.688
6.244,6.133,1.571,6.206,6.094,1.680
6.239,6.135,1.571,6.204,6.098,1.672
6.233,6.137,1.571,6.203,6.101,1.665
6.226,6.139,1.571,6.201,6.104,1.658
6.218,6.141,1.571,6.199,6.106,1.652
6.211,6.144,1.571,6.197,6.109,1.647
6.204,6.147,1.571,6.195,6.112,1.641
6.197,6.151,1.571,6.193,6.115,1.637
6.188,6.156,1.571,6.191,6.118,1.632
6.179,6.162,1.571,6.189,6.122,1.628
6.170,6.170,1.571,6.188,6.126,1.624
