m_qw,m_qx,m_qy,m_qz,f_qw,f_qx,f_qy,f_qz
0.949748,-0.310959,-0.034045,-0.011147,0.949992,-0.310221,-0.033963,-0.011122
0.963700,-0.265217,-0.029605,-0.008147,0.957179,-0.287580,-0.031746,-0.009908
0.976998,-0.211853,-0.023794,-0.005159,0.964546,-0.262172,-0.029046,-0.008596
0.987865,-0.154370,-0.016874,-0.002637,0.971624,-0.234989,-0.025939,-0.007313
0.995209,-0.097304,-0.009440,-0.000923,0.978049,-0.207061,-0.022552,-0.006158
0.998994,-0.044800,-0.002192,-0.000098,0.983582,-0.179379,-0.019038,-0.005187
0.999991,0.000509,0.004323,-0.000002,0.988135,-0.152739,-0.015542,-0.004406
0.999240,0.037716,0.009805,-0.000370,0.991735,-0.127671,-0.012177,-0.003786
0.997647,0.067083,0.014140,-0.000951,0.994482,-0.104471,-0.009025,-0.003286
0.995858,0.089252,0.017257,-0.001547,0.996503,-0.083284,-0.006150,-0.002866
0.994330,0.104607,0.019028,-0.002002,0.997927,-0.064200,-0.003609,-0.002486
0.993394,0.113094,0.019311,-0.002198,0.998877,-0.047318,-0.001457,-0.002120
0.993234,0.114671,0.018217,-0.002103,0.999462,-0.032744,0.000269,-0.001756
0.993823,0.109771,0.016239,-0.001794,0.999787,-0.020549,0.001584,-0.001401
0.994942,0.099474,0.013936,-0.001393,0.999939,-0.010724,0.002541,-0.001072
0.996264,0.085566,0.011625,-0.000998,0.999990,-0.003144,0.003204,-0.000787
0.997491,0.070156,0.009441,-0.000664,0.999990,0.002433,0.003632,-0.000557
0.998458,0.055006,0.007470,-0.000412,0.999972,0.006316,0.003875,-0.000386
0.999131,0.041271,0.005773,-0.000238,0.999953,0.008835,0.003979,-0.000270
0.999553,0.029570,0.004375,-0.000129,0.999939,0.010302,0.003982,-0.000205
0.999792,0.020123,0.003274,-0.000066,0.999932,0.010992,0.003914,-0.000180
0.999914,0.012873,0.002449,-0.000032,0.999931,0.011136,0.003802,-0.000187
0.999969,0.007595,0.001868,-0.000014,0.999934,0.010919,0.003663,-0.000217
0.999991,0.003979,0.001489,-0.000006,0.999939,0.010482,0.003515,-0.000261
0.999998,0.001702,0.001272,-0.000002,0.999945,0.009928,0.003366,-0.000313
0.999999,0.000456,0.001178,-0.000001,0.999951,0.009331,0.003225,-0.000369
0.999999,-0.000030,0.001180,0.000000,0.999957,0.008740,0.003096,-0.000424
0.999999,0.000008,0.001256,-0.000000,0.999962,0.008185,0.002983,-0.000476
0.999999,0.000366,0.001389,-0.000001,0.999966,0.007681,0.002886,-0.000524
0.999998,0.000874,0.001560,-0.000001,0.999970,0.007234,0.002808,-0.000567
0.999997,0.001403,0.001748,-0.000002,0.999973,0.006838,0.002745,-0.000605
0.999996,0.001869,0.001929,-0.000004,0.999975,0.006489,0.002696,-0.000639
0.999995,0.002244,0.002084,-0.000005,0.999977,0.006179,0.002657,-0.000670
0.999994,0.002522,0.002195,-0.000006,0.999979,0.005902,0.002624,-0.000697
0.999994,0.002701,0.002250,-0.000006,0.999980,0.005651,0.002593,-0.000723
0.999994,0.002772,0.002243,-0.000006,0.999982,0.005420,0.002561,-0.000746
0.999994,0.002734,0.002174,-0.000006,0.999983,0.005202,0.002523,-0.000768
0.999995,0.002605,0.002048,-0.000005,0.999984,0.004993,0.002478,-0.000788
0.999995,0.002415,0.001870,-0.000005,0.999985,0.004791,0.002422,-0.000807
0.999996,0.002199,0.001652,-0.000004,0.999986,0.004594,0.002355,-0.000825
0.999997,0.001992,0.001405,-0.000003,0.999987,0.004405,0.002276,-0.000840
0.999998,0.001822,0.001149,-0.000002,0.999988,0.004224,0.002186,-0.000854
0.999998,0.001721,0.000900,-0.000002,0.999989,0.004058,0.002086,-0.000865
0.999998,0.001727,0.000677,-0.000001,0.999990,0.003910,0.001979,-0.000874
0.999998,0.001884,0.000493,-0.000001,0.999991,0.003788,0.001867,-0.000880
0.999997,0.002230,0.000362,-0.000001,0.999991,0.003700,0.001755,-0.000884
0.999996,0.002796,0.000300,-0.000001,0.999992,0.003655,0.001645,-0.000885
0.999993,0.003595,0.000335,-0.000001,0.999992,0.003661,0.001543,-0.000885
0.999989,0.004628,0.000508,-0.000002,0.999992,0.003726,0.001455,-0.000884
0.999982,0.005879,0.000867,-0.000005,0.999991,0.003859,0.001393,-0.000882
0.999972,0.007310,0.001431,-0.000010,0.999990,0.004065,0.001364,-0.000882
0.999958,0.008851,0.002177,-0.000019,0.999989,0.004343,0.001377,-0.000884
0.999941,0.010407,0.003053,-0.000032,0.999988,0.004692,0.001438,-0.000887
0.999922,0.011854,0.004003,-0.000047,0.999985,0.005101,0.001548,-0.000894
0.999903,0.012987,0.004948,-0.000064,0.999983,0.005551,0.001706,-0.000902
0.999892,0.013526,0.005772,-0.000078,0.999980,0.006006,0.001903,-0.000913
0.999892,0.013273,0.006321,-0.000084,0.999977,0.006423,0.002123,-0.000924
0.999904,0.012283,0.006488,-0.000080,0.999974,0.006763,0.002344,-0.000935
0.999922,0.010816,0.006286,-0.000068,0.999972,0.007003,0.002545,-0.000945
0.999941,0.009153,0.005823,-0.000053,0.999970,0.007140,0.002713,-0.000954
0.999958,0.007505,0.005213,-0.000039,0.999970,0.007178,0.002841,-0.000962
0.999972,0.005999,0.004545,-0.000027,0.999970,0.007131,0.002926,-0.000969
0.999981,0.004704,0.003885,-0.000018,0.999970,0.007016,0.002972,-0.000975
0.999988,0.003645,0.003279,-0.000012,0.999972,0.006848,0.002982,-0.000981
0.999992,0.002820,0.002756,-0.000008,0.999973,0.006645,0.002963,-0.000987
0.999995,0.002213,0.002320,-0.000005,0.999975,0.006421,0.002921,-0.000993
0.999996,0.001798,0.001969,-0.000004,0.999976,0.006187,0.002862,-0.000998
0.999997,0.001547,0.001690,-0.000003,0.999978,0.005954,0.002790,-0.001003
0.999998,0.001430,0.001474,-0.000002,0.999979,0.005729,0.002711,-0.001008
0.999998,0.001415,0.001317,-0.000002,0.999981,0.005518,0.002626,-0.001012
0.999998,0.001468,0.001215,-0.000002,0.999982,0.005324,0.002541,-0.001015
0.999998,0.001561,0.001164,-0.000002,0.999983,0.005147,0.002457,-0.001017
0.999998,0.001671,0.001159,-0.000002,0.999984,0.004986,0.002378,-0.001018
0.999998,0.001785,0.001189,-0.000002,0.999985,0.004842,0.002304,-0.001017
0.999997,0.001896,0.001243,-0.000002,0.999986,0.004711,0.002238,-0.001015
0.999997,0.001997,0.001305,-0.000003,0.999987,0.004593,0.002179,-0.001012
0.999997,0.002081,0.001358,-0.000003,0.999987,0.004484,0.002126,-0.001008
0.999997,0.002140,0.001392,-0.000003,0.999988,0.004384,0.002077,-0.001004
0.999997,0.002176,0.001405,-0.000003,0.999988,0.004291,0.002032,-0.000999
0.999997,0.002189,0.001405,-0.000003,0.999989,0.004203,0.001990,-0.000994
0.999997,0.002180,0.001401,-0.000003,0.999989,0.004119,0.001949,-0.000988
0.999997,0.002149,0.001395,-0.000003,0.999990,0.004038,0.001911,-0.000983
0.999997,0.002102,0.001384,-0.000003,0.999990,0.003958,0.001876,-0.000978
0.999997,0.002047,0.001366,-0.000003,0.999990,0.003880,0.001841,-0.000974
0.999997,0.001993,0.001346,-0.000003,0.999991,0.003804,0.001808,-0.000971
0.999997,0.001949,0.001328,-0.000003,0.999991,0.003730,0.001776,-0.000968
0.999997,0.001924,0.001318,-0.000003,0.999991,0.003659,0.001746,-0.000967
0.999997,0.001919,0.001317,-0.000003,0.999992,0.003593,0.001718,-0.000967
0.999997,0.001934,0.001318,-0.000003,0.999992,0.003531,0.001691,-0.000969
0.999997,0.001970,0.001315,-0.000003,0.999992,0.003476,0.001667,-0.000972
0.999997,0.002019,0.001300,-0.000003,0.999992,0.003427,0.001642,-0.000976
0.999997,0.002074,0.001270,-0.000003,0.999992,0.003384,0.001618,-0.000981
0.999997,0.002129,0.001228,-0.000003,0.999993,0.003348,0.001592,-0.000986
0.999997,0.002180,0.001176,-0.000003,0.999993,0.003317,0.001563,-0.000991
0.999997,0.002224,0.001115,-0.000002,0.999993,0.003291,0.001532,-0.000997
0.999997,0.002254,0.001048,-0.000002,0.999993,0.003270,0.001498,-0.001002
0.999997,0.002266,0.000975,-0.000002,0.999993,0.003250,0.001459,-0.001006
0.999997,0.002258,0.000897,-0.000002,0.999993,0.003232,0.001417,-0.001009
0.999997,0.002228,0.000816,-0.000002,0.999993,0.003213,0.001372,-0.001012
0.999997,0.002175,0.000737,-0.000002,0.999994,0.003192,0.001324,-0.001014
0.999998,0.002097,0.000670,-0.000001,0.999994,0.003167,0.001273,-0.001015
0.999998,0.001995,0.000626,-0.000001,0.999994,0.003137,0.001224,-0.001014
0.999998,0.001875,0.000614,-0.000001,0.999994,0.003101,0.001176,-0.001013
0.999998,0.001745,0.000632,-0.000001,0.999994,0.003059,0.001133,-0.001010
0.999998,0.001620,0.000669,-0.000001,0.999994,0.003011,0.001095,-0.001007
0.999999,0.001513,0.000706,-0.000001,0.999995,0.002959,0.001062,-0.001002
0.999999,0.001439,0.000726,-0.000001,0.999995,0.002906,0.001033,-0.000998
0.999999,0.001401,0.000721,-0.000001,0.999995,0.002853,0.001006,-0.000993
0.999999,0.001397,0.000694,-0.000001,0.999995,0.002802,0.000980,-0.000987
0.999999,0.001421,0.000656,-0.000001,0.999995,0.002755,0.000953,-0.000982
0.999999,0.001464,0.000616,-0.000001,0.999995,0.002713,0.000927,-0.000976
0.999999,0.001513,0.000575,-0.000001,0.999996,0.002676,0.000900,-0.000970
0.999999,0.001555,0.000532,-0.000001,0.999996,0.002642,0.000873,-0.000965
0.999999,0.001578,0.000488,-0.000001,0.999996,0.002611,0.000845,-0.000959
0.999999,0.001574,0.000450,-0.000001,0.999996,0.002581,0.000817,-0.000954
0.999999,0.001544,0.000425,-0.000001,0.999996,0.002550,0.000790,-0.000949
0.999999,0.001495,0.000423,-0.000001,0.999996,0.002518,0.000765,-0.000945
0.999999,0.001439,0.000451,-0.000001,0.999996,0.002483,0.000742,-0.000941
0.999999,0.001386,0.000513,-0.000001,0.999996,0.002447,0.000725,-0.000938
0.999999,0.001339,0.000602,-0.000001,0.999996,0.002410,0.000713,-0.000936
0.999999,0.001301,0.000711,-0.000001,0.999996,0.002372,0.000708,-0.000934
0.999999,0.001276,0.000835,-0.000001,0.999997,0.002335,0.000709,-0.000934
0.999999,0.001267,0.000973,-0.000001,0.999997,0.002300,0.000719,-0.000935
0.999999,0.001274,0.001121,-0.000001,0.999997,0.002267,0.000737,-0.000937
0.999998,0.001298,0.001272,-0.000002,0.999997,0.002237,0.000762,-0.000941
0.999998,0.001339,0.001416,-0.000002,0.999997,0.002212,0.000794,-0.000946
0.999998,0.001393,0.001547,-0.000002,0.999997,0.002191,0.000832,-0.000952
0.999998,0.001457,0.001665,-0.000002,0.999997,0.002176,0.000875,-0.000959
0.999997,0.001530,0.001767,-0.000003,0.999997,0.002166,0.000922,-0.000968
0.999997,0.001616,0.001855,-0.000003,0.999997,0.002162,0.000971,-0.000978
0.999997,0.001716,0.001927,-0.000003,0.999997,0.002165,0.001022,-0.000987
0.999996,0.001827,0.001981,-0.000004,0.999997,0.002175,0.001072,-0.000997
0.999996,0.001942,0.002016,-0.000004,0.999996,0.002192,0.001122,-0.001007
0.999996,0.002056,0.002029,-0.000004,0.999996,0.002216,0.001169,-0.001016
0.999996,0.002166,0.002021,-0.000004,0.999996,0.002245,0.001213,-0.001024
0.999995,0.002270,0.001997,-0.000005,0.999996,0.002280,0.001252,-0.001030
0.999995,0.002357,0.001966,-0.000005,0.999996,0.002318,0.001287,-0.001034
0.999995,0.002419,0.001938,-0.000005,0.999996,0.002359,0.001318,-0.001037
0.999995,0.002446,0.001914,-0.000005,0.999996,0.002400,0.001346,-0.001039
0.999995,0.002434,0.001894,-0.000005,0.999996,0.002438,0.001372,-0.001039
0.999995,0.002387,0.001872,-0.000004,0.999995,0.002473,0.001395,-0.001038
0.999996,0.002313,0.001845,-0.000004,0.999995,0.002501,0.001416,-0.001036
0.999996,0.002226,0.001809,-0.000004,0.999995,0.002524,0.001435,-0.001034
0.999996,0.002136,0.001766,-0.000004,0.999995,0.002541,0.001451,-0.001032
0.999996,0.002053,0.001717,-0.000004,0.999995,0.002552,0.001464,-0.001030
0.999997,0.001978,0.001661,-0.000003,0.999995,0.002558,0.001474,-0.001030
0.999997,0.001907,0.001595,-0.000003,0.999995,0.002559,0.001480,-0.001030
0.999997,0.001833,0.001527,-0.000003,0.999995,0.002555,0.001483,-0.001030
0.999997,0.001750,0.001464,-0.000003,0.999995,0.002546,0.001483,-0.001032
0.999998,0.001663,0.001416,-0.000002,0.999995,0.002533,0.001480,-0.001034
0.999998,0.001581,0.001383,-0.000002,0.999995,0.002515,0.001476,-0.001037
0.999998,0.001513,0.001360,-0.000002,0.999995,0.002495,0.001470,-0.001040
0.999998,0.001462,0.001337,-0.000002,0.999995,0.002473,0.001464,-0.001043
0.999998,0.001428,0.001311,-0.000002,0.999995,0.002451,0.001455,-0.001047
0.999998,0.001412,0.001279,-0.000002,0.999995,0.002430,0.001445,-0.001051
0.999998,0.001409,0.001246,-0.000002,0.999996,0.002412,0.001433,-0.001054
0.999998,0.001418,0.001217,-0.000002,0.999996,0.002395,0.001419,-0.001057
0.999998,0.001436,0.001199,-0.000002,0.999996,0.002381,0.001405,-0.001060
0.999998,0.001463,0.001190,-0.000002,0.999996,0.002371,0.001390,-0.001062
0.999998,0.001500,0.001184,-0.000002,0.999996,0.002363,0.001375,-0.001063
0.999998,0.001547,0.001175,-0.000002,0.999996,0.002359,0.001360,-0.001064
0.999998,0.001599,0.001165,-0.000002,0.999996,0.002358,0.001345,-0.001064
0.999998,0.001647,0.001154,-0.000002,0.999996,0.002360,0.001329,-0.001063
0.999998,0.001687,0.001136,-0.000002,0.999996,0.002363,0.001313,-0.001062
0.999998,0.001723,0.001108,-0.000002,0.999996,0.002368,0.001295,-0.001060
0.999998,0.001761,0.001065,-0.000002,0.999996,0.002374,0.001276,-0.001057
0.999998,0.001806,0.001008,-0.000002,0.999996,0.002382,0.001253,-0.001054
0.999998,0.001857,0.000941,-0.000002,0.999996,0.002393,0.001228,-0.001049
0.999998,0.001909,0.000875,-0.000002,0.999996,0.002405,0.001200,-0.001044
0.999998,0.001953,0.000825,-0.000002,0.999996,0.002420,0.001171,-0.001038
0.999998,0.001982,0.000804,-0.000002,0.999996,0.002435,0.001143,-0.001032
0.999998,0.001993,0.000816,-0.000002,0.999996,0.002449,0.001118,-0.001026
0.999998,0.001990,0.000861,-0.000002,0.999996,0.002463,0.001098,-0.001020
0.999998,0.001982,0.000929,-0.000002,0.999996,0.002475,0.001084,-0.001014
0.999998,0.001976,0.001005,-0.000002,0.999996,0.002486,0.001077,-0.001010
0.999997,0.001976,0.001075,-0.000002,0.999996,0.002497,0.001075,-0.001007
0.999997,0.001980,0.001131,-0.000002,0.999996,0.002508,0.001078,-0.001005
0.999997,0.001990,0.001169,-0.000002,0.999996,0.002519,0.001083,-0.001005
0.999997,0.002006,0.001191,-0.000002,0.999996,0.002532,0.001089,-0.001005
0.999997,0.002022,0.001201,-0.000002,0.999996,0.002544,0.001096,-0.001007
0.999997,0.002028,0.001203,-0.000002,0.999996,0.002557,0.001101,-0.001010
0.999997,0.002017,0.001201,-0.000002,0.999996,0.002568,0.001106,-0.001014
0.999997,0.001983,0.001199,-0.000002,0.999996,0.002576,0.001110,-0.001017
0.999997,0.001930,0.001203,-0.000002,0.999996,0.002580,0.001113,-0.001022
0.999998,0.001866,0.001216,-0.000002,0.999996,0.002581,0.001116,-0.001025
0.999998,0.001805,0.001234,-0.000002,0.999996,0.002577,0.001118,-0.001029
0.999998,0.001757,0.001255,-0.000002,0.999996,0.002569,0.001121,-0.001032
0.999998,0.001728,0.001277,-0.000002,0.999996,0.002560,0.001125,-0.001035
0.999998,0.001721,0.001299,-0.000002,0.999996,0.002550,0.001128,-0.001037
0.999998,0.001730,0.001324,-0.000002,0.999996,0.002541,0.001132,-0.001039
0.999998,0.001748,0.001352,-0.000002,0.999996,0.002533,0.001137,-0.001040
0.999997,0.001770,0.001382,-0.000002,0.999996,0.002527,0.001143,-0.001040
0.999997,0.001794,0.001407,-0.000003,0.999996,0.002522,0.001149,-0.001040
0.999997,0.001818,0.001427,-0.000003,0.999996,0.002520,0.001156,-0.001038
0.999997,0.001839,0.001444,-0.000003,0.999996,0.002520,0.001163,-0.001036
0.999997,0.001854,0.001461,-0.000003,0.999996,0.002521,0.001170,-0.001033
0.999997,0.001861,0.001479,-0.000003,0.999996,0.002523,0.001178,-0.001028
0.999997,0.001850,0.001497,-0.000003,0.999996,0.002525,0.001186,-0.001023
0.999997,0.001811,0.001512,-0.000003,0.999996,0.002525,0.001195,-0.001017
0.999997,0.001743,0.001521,-0.000003,0.999996,0.002520,0.001204,-0.001010
0.999997,0.001662,0.001526,-0.000003,0.999996,0.002511,0.001212,-0.001002
0.999998,0.001591,0.001525,-0.000002,0.999996,0.002498,0.001221,-0.000994
0.999998,0.001538,0.001519,-0.000002,0.999996,0.002483,0.001228,-0.000986
0.999998,0.001496,0.001504,-0.000002,0.999996,0.002464,0.001235,-0.000978
0.999998,0.001451,0.001476,-0.000002,0.999996,0.002444,0.001240,-0.000971
0.999998,0.001399,0.001433,-0.000002,0.999996,0.002421,0.001243,-0.000964
0.999998,0.001352,0.001373,-0.000002,0.999996,0.002396,0.001242,-0.000959
0.999998,0.001325,0.001296,-0.000002,0.999996,0.002371,0.001238,-0.000954
0.999998,0.001326,0.001202,-0.000002,0.999996,0.002346,0.001229,-0.000951
0.999998,0.001352,0.001098,-0.000001,0.999996,0.002324,0.001216,-0.000950
0.999999,0.001392,0.000995,-0.000001,0.999996,0.002306,0.001198,-0.000950
0.999999,0.001433,0.000911,-0.000001,0.999996,0.002290,0.001177,-0.000951
0.999999,0.001474,0.000857,-0.000001,0.999996,0.002279,0.001154,-0.000955
0.999999,0.001520,0.000829,-0.000001,0.999996,0.002271,0.001132,-0.000959
0.999998,0.001576,0.000816,-0.000001,0.999996,0.002267,0.001111,-0.000963
0.999998,0.001643,0.000803,-0.000001,0.999996,0.002267,0.001091,-0.000968
0.999998,0.001719,0.000780,-0.000001,0.999996,0.002272,0.001072,-0.000972
0.999998,0.001798,0.000752,-0.000001,0.999996,0.002282,0.001052,-0.000975
0.999998,0.001875,0.000738,-0.000001,0.999996,0.002296,0.001033,-0.000977
0.999998,0.001955,0.000755,-0.000001,0.999996,0.002313,0.001016,-0.000978
0.999998,0.002039,0.000814,-0.000002,0.999996,0.002335,0.001004,-0.000977
0.999997,0.002124,0.000909,-0.000002,0.999996,0.002361,0.000998,-0.000976
0.999997,0.002199,0.001025,-0.000002,0.999996,0.002389,0.000999,-0.000975
0.999997,0.002251,0.001143,-0.000003,0.999996,0.002418,0.001007,-0.000973
0.999997,0.002270,0.001252,-0.000003,0.999996,0.002445,0.001021,-0.000972
0.999997,0.002251,0.001342,-0.000003,0.999996,0.002470,0.001040,-0.000972
0.999997,0.002194,0.001407,-0.000003,0.999996,0.002489,0.001062,-0.000971
0.999997,0.002106,0.001440,-0.000003,0.999996,0.002501,0.001085,-0.000972
0.999997,0.002003,0.001434,-0.000003,0.999996,0.002506,0.001106,-0.000973
0.999997,0.001897,0.001393,-0.000003,0.999996,0.002504,0.001125,-0.000975
0.999998,0.001793,0.001329,-0.000002,0.999996,0.002497,0.001140,-0.000978
0.999998,0.001691,0.001265,-0.000002,0.999996,0.002483,0.001150,-0.000984
0.999998,0.001590,0.001220,-0.000002,0.999996,0.002465,0.001159,-0.000991
0.999998,0.001490,0.001206,-0.000002,0.999996,0.002443,0.001166,-0.001001
0.999998,0.001399,0.001229,-0.000002,0.999996,0.002416,0.001175,-0.001015
0.999998,0.001329,0.001289,-0.000002,0.999996,0.002386,0.001186,-0.001033
0.999998,0.001298,0.001386,-0.000002,0.999996,0.002356,0.001201,-0.001056
0.999998,0.001321,0.001513,-0.000002,0.999996,0.002329,0.001223,-0.001084
0.999998,0.001403,0.001661,-0.000002,0.999996,0.002308,0.001250,-0.001116
0.999997,0.001541,0.001810,-0.000003,0.999996,0.002295,0.001284,-0.001151
0.999997,0.001727,0.001943,-0.000003,0.999996,0.002292,0.001321,-0.001187
0.999996,0.001948,0.002063,-0.000004,0.999996,0.002300,0.001360,-0.001220
0.999995,0.002188,0.002182,-0.000005,0.999996,0.002320,0.001401,-0.001244
0.999994,0.002426,0.002297,-0.000006,0.999995,0.002351,0.001442,-0.001251
0.999994,0.002649,0.002371,-0.000006,0.999995,0.002392,0.001479,-0.001232
0.999993,0.002860,0.002346,-0.000007,0.999995,0.002444,0.001506,-0.001174
0.999993,0.003077,0.002162,-0.000007,0.999995,0.002508,0.001515,-0.001064
0.999993,0.003311,0.001780,-0.000006,0.999995,0.002586,0.001493,-0.000884
0.999993,0.003541,0.001170,-0.000004,0.999995,0.002682,0.001429,-0.000619
0.999993,0.003718,0.000298,-0.000001,0.999995,0.002792,0.001311,-0.000254
0.999993,0.003770,-0.000876,0.000003,0.999995,0.002912,0.001126,0.000222
0.999991,0.003616,-0.002383,0.000009,0.999995,0.003032,0.000860,0.000812
0.999986,0.003186,-0.004234,0.000013,0.999994,0.003137,0.000500,0.001509
0.999976,0.002471,-0.006408,0.000016,0.999992,0.003210,0.000039,0.002293
0.999960,0.001562,-0.008835,0.000014,0.999990,0.003238,-0.000526,0.003137
0.999935,0.000618,-0.011395,0.000007,0.999986,0.003215,-0.001190,0.004017
0.999903,-0.000179,-0.013906,-0.000002,0.999981,0.003137,-0.001935,0.004910
0.999870,-0.000636,-0.016124,-0.000010,0.999975,0.003006,-0.002730,0.005802
0.999842,-0.000581,-0.017755,-0.000010,0.999967,0.002827,-0.003525,0.006678
0.999830,0.000077,-0.018457,0.000001,0.999959,0.002601,-0.004254,0.007527
0.999840,0.001281,-0.017865,0.000023,0.999951,0.002320,-0.004827,0.008336
0.999873,0.002794,-0.015693,0.000044,0.999944,0.001959,-0.005140,0.009089
0.999921,0.004236,-0.011852,0.000050,0.999938,0.001473,-0.005078,0.009767
0.999965,0.005222,-0.006524,0.000034,0.999936,0.000805,-0.004527,0.010352
0.999985,0.005477,-0.000197,0.000001,0.999936,-0.000101,-0.003381,0.010833
0.999967,0.004860,0.006473,-0.000031,0.999935,-0.001288,-0.001553,0.011208
0.999911,0.003330,0.012916,-0.000043,0.999930,-0.002781,0.001031,0.011484
0.999822,0.000930,0.018847,-0.000018,0.999911,-0.004581,0.004441,0.011676
0.999702,-0.002228,0.024329,0.000054,0.999870,-0.006671,0.008759,0.011800
0.999541,-0.005977,0.029708,0.000178,0.999790,-0.009016,0.014086,0.011877
0.999318,-0.010163,0.035500,0.000361,0.999651,-0.011566,0.020537,0.011932
0.998999,-0.014691,0.042257,0.000621,0.999428,-0.014262,0.028229,0.011989
0.998537,-0.019467,0.050434,0.000983,0.999087,-0.017031,0.037275,0.012076
0.997883,-0.024338,0.060284,0.001470,0.998588,-0.019777,0.047767,0.012210
0.996990,-0.029118,0.071830,0.002098,0.997884,-0.022385,0.059764,0.012403
0.995813,-0.033624,0.084954,0.002869,0.996925,-0.024722,0.073281,0.012650
0.994311,-0.037670,0.099557,0.003772,0.995654,-0.026658,0.088293,0.012938
0.992427,-0.041059,0.115668,0.004785,0.994016,-0.028079,0.104731,0.013245
0.990083,-0.043561,0.133432,0.005871,0.991958,-0.028902,0.122481,0.013535
0.987177,-0.044917,0.153021,0.006962,0.989430,-0.029087,0.141392,0.013770
0.983598,-0.044883,0.174520,0.007964,0.986395,-0.028643,0.161280,0.013903
0.979243,-0.043307,0.197817,0.008749,0.982823,-0.027632,0.181940,0.013892
0.974039,-0.040206,0.222590,0.009188,0.978700,-0.026169,0.203159,0.013709
0.967935,-0.035791,0.248468,0.009187,0.974024,-0.024406,0.224730,0.013347
0.960870,-0.030441,0.275185,0.008718,0.968802,-0.022514,0.246478,0.012830
0.952774,-0.024620,0.302580,0.007819,0.963044,-0.020660,0.268271,0.012209
0.943598,-0.018807,0.330493,0.006587,0.956759,-0.018985,0.290032,0.011551
0.933325,-0.013459,0.358742,0.005173,0.949943,-0.017584,0.311735,0.010929
0.921962,-0.008948,0.387159,0.003758,0.942584,-0.016506,0.333399,0.010407
0.909541,-0.005501,0.415570,0.002513,0.934659,-0.015748,0.355055,0.010032
0.896147,-0.003196,0.443744,0.001582,0.926149,-0.015262,0.376720,0.009836
0.881923,-0.002009,0.471387,0.001074,0.917050,-0.014976,0.398370,0.009832
0.867071,-0.001872,0.498181,0.001076,0.907381,-0.014814,0.419928,0.010019
0.851813,-0.002715,0.523837,0.001670,0.897191,-0.014713,0.441276,0.010386
0.836358,-0.004409,0.548158,0.002890,0.886552,-0.014627,0.462269,0.010910
0.820886,-0.006663,0.571034,0.004635,0.875557,-0.014519,0.482758,0.011559
0.805552,-0.009071,0.592418,0.006671,0.864306,-0.014350,0.502611,0.012284
0.790497,-0.011358,0.612297,0.008797,0.852901,-0.014082,0.521720,0.013031
0.775856,-0.013595,0.630667,0.011051,0.841436,-0.013693,0.540008,0.013755
0.761762,-0.016266,0.647505,0.013826,0.830001,-0.013197,0.557418,0.014447
0.748333,-0.020338,0.662767,0.018013,0.818678,-0.012664,0.573913,0.015157
0.735623,-0.027537,0.676358,0.025319,0.807540,-0.012263,0.589467,0.016041
0.723455,-0.041662,0.687974,0.039619,0.796645,-0.012375,0.604068,0.017478
0.709592,-0.081782,0.695248,0.080129,0.786014,-0.014485,0.617684,0.020950
0.127600,-0.698002,0.126713,0.693149,0.776697,-0.054528,0.624390,0.062485
-0.011971,-0.717410,-0.011621,0.696451,0.765717,-0.096018,0.627430,0.103874
-0.041411,-0.723506,-0.039376,0.687949,0.752513,-0.137530,0.627812,0.143746
-0.061698,-0.728652,-0.057551,0.679668,0.737125,-0.178814,0.625753,0.181949
-0.078403,-0.733316,-0.071796,0.671525,0.719657,-0.219695,0.621407,0.218362
-0.092150,-0.737843,-0.082865,0.663498,0.700242,-0.260022,0.614906,0.252866
-0.103092,-0.742400,-0.091051,0.655686,0.679034,-0.299652,0.606383,0.285344
-0.111527,-0.746997,-0.096780,0.648222,0.656196,-0.338447,0.595986,0.315691
-0.117595,-0.751643,-0.100317,0.641202,0.631895,-0.376278,0.583887,0.343801
-0.121090,-0.756473,-0.101588,0.634638,0.606317,-0.413017,0.570278,0.369567
-0.121728,-0.761706,-0.100427,0.628412,0.579680,-0.448540,0.555361,0.392882
-0.119496,-0.767533,-0.096881,0.622277,0.552247,-0.482725,0.539342,0.413655
-0.114713,-0.774047,-0.091279,0.615922,0.524308,-0.515458,0.522422,0.431833
-0.107935,-0.781232,-0.084146,0.609053,0.496167,-0.546642,0.504792,0.447420
-0.099857,-0.788957,-0.076128,0.601481,0.468116,-0.576206,0.486631,0.460482
-0.091181,-0.797007,-0.067862,0.593178,0.440411,-0.604105,0.468101,0.471144
-0.082445,-0.805155,-0.059825,0.584251,0.413264,-0.630319,0.449350,0.479579
-0.073959,-0.813253,-0.052276,0.574820,0.386845,-0.654851,0.430516,0.485981
-0.065863,-0.821278,-0.045302,0.564899,0.361289,-0.677730,0.411735,0.490537
-0.058235,-0.829321,-0.038928,0.554364,0.336705,-0.699004,0.393141,0.493419
-0.051182,-0.837506,-0.033185,0.543012,0.313180,-0.718747,0.374864,0.494771
-0.044892,-0.845896,-0.028165,0.530708,0.290779,-0.737045,0.357024,0.494718
-0.039586,-0.854419,-0.023977,0.517519,0.269545,-0.753994,0.339730,0.493378
-0.035351,-0.862895,-0.020636,0.503723,0.249506,-0.769690,0.323071,0.490867
-0.032065,-0.871136,-0.018024,0.489662,0.230683,-0.784217,0.307125,0.487302
-0.029522,-0.879013,-0.015974,0.475614,0.213099,-0.797655,0.291953,0.482803
-0.027551,-0.886458,-0.014352,0.461764,0.196771,-0.810079,0.277597,0.477486
-0.025987,-0.893438,-0.013038,0.448245,0.181712,-0.821555,0.264079,0.471477
-0.024664,-0.899913,-0.011928,0.435207,0.167923,-0.832144,0.251398,0.464905
-0.023522,-0.905815,-0.010981,0.422877,0.155390,-0.841895,0.239537,0.457919
-0.022687,-0.911043,-0.010249,0.411559,0.144063,-0.850848,0.228457,0.450678
-0.022452,-0.915476,-0.009850,0.401624,0.133849,-0.859045,0.218099,0.443350
-0.023140,-0.918993,-0.009907,0.393470,0.124602,-0.866526,0.208381,0.436100
-0.024910,-0.921517,-0.010472,0.387396,0.116135,-0.873343,0.199207,0.429069
-0.027660,-0.923089,-0.011489,0.383418,0.108243,-0.879558,0.190466,0.422355
-0.031140,-0.923873,-0.012849,0.381213,0.100718,-0.885246,0.182048,0.415997
-0.035074,-0.924118,-0.014431,0.380220,0.093375,-0.890494,0.173839,0.409977
-0.039151,-0.924123,-0.016088,0.379744,0.086065,-0.895391,0.165735,0.404228
-0.042975,-0.924258,-0.017619,0.378934,0.078698,-0.900018,0.157649,0.398649
-0.046099,-0.924968,-0.018778,0.376771,0.071250,-0.904454,0.149521,0.393104
-0.048168,-0.926656,-0.019353,0.372309,0.063765,-0.908766,0.141341,0.387430
-0.048992,-0.929503,-0.019241,0.365039,0.056335,-0.913010,0.133145,0.381460
-0.048534,-0.933413,-0.018460,0.355026,0.049092,-0.917223,0.125015,0.375051
-0.046922,-0.938079,-0.017147,0.342800,0.042183,-0.921415,0.117062,0.368118
-0.044489,-0.943089,-0.015529,0.329185,0.035749,-0.925575,0.109408,0.360643
-0.041713,-0.948035,-0.013865,0.315115,0.029898,-0.929670,0.102165,0.352679
-0.039083,-0.952603,-0.012367,0.301441,0.024689,-0.933661,0.095428,0.344328
-0.036947,-0.956612,-0.011154,0.288797,0.020134,-0.937507,0.089260,0.335721
-0.035458,-0.959992,-0.010253,0.277585,0.016201,-0.941175,0.083698,0.326989
-0.034596,-0.962740,-0.009632,0.268032,0.012830,-0.944643,0.078744,0.318251
-0.034221,-0.964902,-0.009229,0.260207,0.009944,-0.947900,0.074372,0.309606
-0.034140,-0.966553,-0.008973,0.254025,0.007461,-0.950940,0.070528,0.301138
-0.034193,-0.967788,-0.008807,0.249279,0.005295,-0.953766,0.067136,0.292909
-0.034285,-0.968712,-0.008694,0.245653,0.003359,-0.956386,0.064108,0.284963
-0.034367,-0.969448,-0.008605,0.242727,0.001568,-0.958814,0.061352,0.277325
-0.034417,-0.970123,-0.008515,0.240007,-0.000155,-0.961066,0.058784,0.269994
-0.034435,-0.970861,-0.008406,0.237009,-0.001880,-0.963163,0.056335,0.262945
-0.034438,-0.971747,-0.008270,0.233354,-0.003661,-0.965128,0.053957,0.256133
-0.034453,-0.972817,-0.008105,0.228853,-0.005540,-0.966981,0.051623,0.249504
-0.034523,-0.974053,-0.007923,0.223533,-0.007542,-0.968740,0.049325,0.243008
-0.034714,-0.975401,-0.007742,0.217550,-0.009676,-0.970418,0.047064,0.236601
-0.035096,-0.976807,-0.007584,0.211090,-0.011935,-0.972023,0.044844,0.230256
-0.035723,-0.978227,-0.007461,0.204304,-0.014301,-0.973561,0.042670,0.223952
-0.036626,-0.979632,-0.007376,0.197296,-0.016747,-0.975035,0.040539,0.217677
-0.037802,-0.981007,-0.007326,0.190113,-0.019243,-0.976449,0.038449,0.211420
-0.039201,-0.982348,-0.007293,0.182763,-0.021747,-0.977808,0.036394,0.205168
-0.040712,-0.983654,-0.007254,0.175258,-0.024208,-0.979118,0.034365,0.198899
-0.042163,-0.984929,-0.007174,0.167590,-0.026554,-0.980386,0.032353,0.192594
-0.043359,-0.986181,-0.007023,0.159741,-0.028690,-0.981619,0.030348,0.186226
-0.044151,-0.987411,-0.006785,0.151739,-0.030503,-0.982827,0.028338,0.179773
-0.044527,-0.988596,-0.006473,0.143714,-0.031879,-0.984016,0.026317,0.173217
-0.044622,-0.989700,-0.006127,0.135890,-0.032730,-0.985190,0.024274,0.166554
-0.044605,-0.990697,-0.005783,0.128435,-0.033011,-0.986350,0.022205,0.159786
-0.044506,-0.991621,-0.005437,0.121149,-0.032734,-0.987494,0.020114,0.152905
-0.044213,-0.992543,-0.005055,0.113482,-0.031959,-0.988623,0.018022,0.145872
-0.043603,-0.993510,-0.004606,0.104959,-0.030797,-0.989737,0.015967,0.138623
-0.042590,-0.994520,-0.004085,0.095388,-0.029397,-0.990837,0.014004,0.131081
-0.041208,-0.995537,-0.003511,0.084824,-0.027934,-0.991917,0.012192,0.123172
-0.039682,-0.996490,-0.002933,0.073651,-0.026593,-0.992971,0.010589,0.114845
-0.038327,-0.997298,-0.002407,0.062619,-0.025543,-0.993985,0.009239,0.106097
-0.037354,-0.997916,-0.001968,0.052569,-0.024905,-0.994941,0.008161,0.096979
-0.036749,-0.998356,-0.001618,0.043953,-0.024739,-0.995824,0.007349,0.087574
-0.036281,-0.998671,-0.001329,0.036584,-0.025046,-0.996619,0.006777,0.077955
-0.035583,-0.998922,-0.001062,0.029801,-0.025766,-0.997321,0.006409,0.068155
-0.034280,-0.999150,-0.000785,0.022889,-0.026779,-0.997928,0.006207,0.058170
-0.032165,-0.999364,-0.000496,0.015411,-0.027923,-0.998439,0.006132,0.047981
-0.029281,-0.999545,-0.000212,0.007222,-0.029012,-0.998853,0.006140,0.037581
-0.025825,-0.999665,0.000046,-0.001775,-0.029868,-0.999170,0.006177,0.026985
-0.022032,-0.999688,0.000260,-0.011781,-0.030344,-0.999389,0.006182,0.016211
-0.018133,-0.999570,0.000418,-0.023031,-0.030340,-0.999507,0.006094,0.005261
-0.014361,-0.999262,0.000512,-0.035627,-0.029810,-0.999521,0.005854,-0.005886
-0.010955,-0.998717,0.000542,-0.049437,-0.028759,-0.999423,0.005411,-0.017270
-0.008174,-0.997905,0.000526,-0.064174,-0.027225,-0.999199,0.004724,-0.028936
-0.006286,-0.996801,0.000502,-0.079674,-0.025277,-0.998835,0.003761,-0.040935
-0.005479,-0.995367,0.000528,-0.095991,-0.022996,-0.998308,0.002496,-0.053341
-0.005763,-0.993571,0.000656,-0.113065,-0.020481,-0.997592,0.000907,-0.066251
-0.006913,-0.991430,0.000910,-0.130454,-0.017835,-0.996654,-0.001016,-0.079765
-0.008488,-0.989021,0.001266,-0.147522,-0.015151,-0.995455,-0.003271,-0.093967
-0.009962,-0.986447,0.001654,-0.163771,-0.012500,-0.993956,-0.005840,-0.108912
-0.010900,-0.983787,0.001983,-0.178997,-0.009929,-0.992116,-0.008686,-0.124626
-0.011157,-0.981080,0.002198,-0.193270,-0.007469,-0.989898,-0.011744,-0.141097
-0.010948,-0.978321,0.002314,-0.206791,-0.005150,-0.987269,-0.014929,-0.158276
-0.010730,-0.975478,0.002418,-0.219822,-0.003006,-0.984204,-0.018139,-0.176081
-0.010997,-0.972483,0.002631,-0.232701,-0.001086,-0.980689,-0.021268,-0.194409
-0.012047,-0.969241,0.003055,-0.245798,0.000554,-0.976720,-0.024215,-0.213148
-0.013799,-0.965665,0.003707,-0.259398,0.001868,-0.972298,-0.026894,-0.232183
-0.015825,-0.961665,0.004505,-0.273734,0.002842,-0.967438,-0.029235,-0.251398
-0.017638,-0.957104,0.005329,-0.289157,0.003515,-0.962156,-0.031178,-0.270686
-0.019048,-0.951768,0.006127,-0.306167,0.003965,-0.956470,-0.032663,-0.289970
-0.020329,-0.945419,0.006992,-0.325148,0.004277,-0.950388,-0.033628,-0.309213
-0.022079,-0.937930,0.008145,-0.346025,0.004508,-0.943914,-0.034019,-0.328404
-0.024794,-0.929366,0.009823,-0.368194,0.004660,-0.937049,-0.033800,-0.347528
-0.028439,-0.919918,0.012084,-0.390891,0.004702,-0.929799,-0.032972,-0.366558
-0.032437,-0.909750,0.014748,-0.413626,0.004603,-0.922171,-0.031572,-0.385464
-0.036041,-0.898941,0.017490,-0.436234,0.004359,-0.914166,-0.029667,-0.404229
-0.038640,-0.887552,0.019967,-0.458650,0.004001,-0.905780,-0.027338,-0.422847
-0.039918,-0.875698,0.021913,-0.480708,0.003581,-0.897007,-0.024669,-0.441313
-0.039910,-0.863580,0.023204,-0.502095,0.003153,-0.887848,-0.021742,-0.459611
-0.038756,-0.851417,0.023785,-0.522514,0.002760,-0.878315,-0.018637,-0.477711
-0.036255,-0.839287,0.023412,-0.541973,0.002449,-0.868421,-0.015443,-0.495580
-0.031654,-0.827007,0.021468,-0.560888,0.002313,-0.858177,-0.012284,-0.513201
-0.023742,-0.814220,0.016908,-0.579825,0.002528,-0.847576,-0.009338,-0.530586
-0.010997,-0.800596,0.008229,-0.599047,0.003381,-0.836593,-0.006863,-0.547772
0.008439,-0.785952,-0.006638,-0.618194,0.005281,-0.825204,-0.005220,-0.564786
0.037345,-0.770038,-0.030852,-0.636156,0.008792,-0.813403,-0.004933,-0.581613
0.081834,-0.751630,-0.070839,-0.650644,0.014799,-0.801211,-0.006866,-0.598159
0.158852,-0.724940,-0.143463,-0.654711,0.025121,-0.788666,-0.012825,-0.614175
0.310545,-0.662099,-0.289626,-0.617498,0.044056,-0.775766,-0.026974,-0.628903
0.528936,-0.502537,-0.495786,-0.471041,0.075845,-0.762303,-0.052869,-0.640582
0.651508,-0.347772,-0.594798,-0.317500,0.115031,-0.747770,-0.084102,-0.648486
0.701785,-0.267723,-0.616809,-0.235306,0.156894,-0.731851,-0.115775,-0.652973
0.729717,-0.224617,-0.617223,-0.189990,0.199707,-0.714500,-0.146383,-0.654353
0.749064,-0.195912,-0.612273,-0.160135,0.242694,-0.695746,-0.175455,-0.652880
0.763804,-0.172541,-0.606673,-0.137045,0.285407,-0.675634,-0.202819,-0.648789
0.775546,-0.151424,-0.601503,-0.117442,0.327536,-0.654237,-0.228377,-0.642292
0.785288,-0.131989,-0.596531,-0.100263,0.368830,-0.631679,-0.252023,-0.633586
0.793838,-0.114430,-0.591156,-0.085214,0.409066,-0.608135,-0.273641,-0.622862
0.801888,-0.099078,-0.584756,-0.072250,0.448044,-0.583812,-0.293116,-0.610330
0.810007,-0.086354,-0.576758,-0.061488,0.485584,-0.558941,-0.310339,-0.596224
0.818629,-0.076711,-0.566694,-0.053103,0.521528,-0.533766,-0.325204,-0.580814
0.828007,-0.070310,-0.554297,-0.047068,0.555754,-0.508524,-0.337626,-0.564402
0.838210,-0.066739,-0.539541,-0.042959,0.588194,-0.483432,-0.347547,-0.547296
0.849165,-0.065112,-0.522565,-0.040069,0.618838,-0.458662,-0.354951,-0.529790
0.860695,-0.064439,-0.503617,-0.037705,0.647733,-0.434339,-0.359865,-0.512141
0.872519,-0.063941,-0.483082,-0.035402,0.674950,-0.410548,-0.362355,-0.494562
0.884300,-0.063214,-0.461443,-0.032986,0.700567,-0.387346,-0.362520,-0.477231
0.895751,-0.062232,-0.439119,-0.030508,0.724650,-0.364778,-0.360485,-0.460294
0.906730,-0.061203,-0.416299,-0.028099,0.747252,-0.342894,-0.356389,-0.443876
0.917230,-0.060349,-0.392911,-0.025851,0.768417,-0.321753,-0.350384,-0.428067
0.927311,-0.059742,-0.368728,-0.023755,0.788187,-0.301415,-0.342638,-0.412928
0.937004,-0.059305,-0.343559,-0.021745,0.806603,-0.281924,-0.333343,-0.398488
0.946217,-0.058956,-0.317499,-0.019782,0.823703,-0.263306,-0.322726,-0.384749
0.954721,-0.058679,-0.291108,-0.017892,0.839514,-0.245578,-0.311052,-0.371691
0.962233,-0.058443,-0.265391,-0.016119,0.854058,-0.228751,-0.298634,-0.359270
0.968530,-0.058125,-0.241579,-0.014498,0.867356,-0.212835,-0.285820,-0.347421
0.973544,-0.057500,-0.220762,-0.013039,0.879442,-0.197829,-0.272957,-0.336065
0.977394,-0.056267,-0.203463,-0.011713,0.890379,-0.183716,-0.260342,-0.325109
0.980344,-0.054114,-0.189441,-0.010457,0.900260,-0.170461,-0.248187,-0.314449
0.982689,-0.050873,-0.177902,-0.009210,0.909202,-0.158028,-0.236601,-0.303973
0.984652,-0.046672,-0.167986,-0.007962,0.917327,-0.146391,-0.225607,-0.293568
0.986345,-0.041913,-0.159127,-0.006762,0.924750,-0.135548,-0.215185,-0.283124
0.987806,-0.037079,-0.151106,-0.005672,0.931566,-0.125511,-0.205301,-0.272549
0.989056,-0.032542,-0.143831,-0.004732,0.937849,-0.116295,-0.195927,-0.261776
0.990136,-0.028470,-0.137128,-0.003943,0.943654,-0.107898,-0.187047,-0.250776
0.991101,-0.024827,-0.130735,-0.003275,0.949020,-0.100291,-0.178652,-0.239554
0.991994,-0.021481,-0.124418,-0.002694,0.953974,-0.093418,-0.170737,-0.228156
0.992830,-0.018358,-0.118096,-0.002184,0.958536,-0.087213,-0.163299,-0.216649
0.993603,-0.015508,-0.111844,-0.001746,0.962720,-0.081612,-0.156327,-0.205112
0.994299,-0.013046,-0.105816,-0.001388,0.966543,-0.076563,-0.149807,-0.193624
0.994903,-0.011078,-0.100218,-0.001116,0.970019,-0.072029,-0.143728,-0.182254
0.995400,-0.009628,-0.095316,-0.000922,0.973162,-0.067980,-0.138094,-0.171069
0.995779,-0.008622,-0.091378,-0.000791,0.975983,-0.064384,-0.132922,-0.160138
0.996039,-0.007982,-0.088551,-0.000710,0.978494,-0.061204,-0.128230,-0.149532
0.996196,-0.007703,-0.086792,-0.000671,0.980713,-0.058395,-0.124015,-0.139329
0.996278,-0.007811,-0.085847,-0.000673,0.982660,-0.055911,-0.120238,-0.129600
0.996317,-0.008305,-0.085339,-0.000711,0.984363,-0.053707,-0.116826,-0.120404
0.996346,-0.009151,-0.084910,-0.000780,0.985851,-0.051745,-0.113696,-0.111778
0.996384,-0.010258,-0.084341,-0.000868,0.987152,-0.050000,-0.110775,-0.103734
0.996434,-0.011465,-0.083590,-0.000962,0.988291,-0.048452,-0.108011,-0.096269
0.996492,-0.012613,-0.082723,-0.001047,0.989289,-0.047095,-0.105370,-0.089362
0.996558,-0.013622,-0.081770,-0.001118,0.990167,-0.045930,-0.102829,-0.082985
0.996635,-0.014510,-0.080659,-0.001174,0.990938,-0.044969,-0.100368,-0.077104
0.996732,-0.015375,-0.079296,-0.001223,0.991617,-0.044229,-0.097986,-0.071683
0.996841,-0.016382,-0.077707,-0.001277,0.992210,-0.043731,-0.095702,-0.066691
0.996942,-0.017719,-0.076101,-0.001353,0.992722,-0.043490,-0.093567,-0.062102
0.997010,-0.019558,-0.074748,-0.001466,0.993155,-0.043513,-0.091641,-0.057887
0.997033,-0.022008,-0.073747,-0.001628,0.993514,-0.043790,-0.089965,-0.054016
0.997019,-0.025068,-0.072942,-0.001834,0.993808,-0.044283,-0.088531,-0.050460
0.996988,-0.028587,-0.072059,-0.002066,0.994051,-0.044928,-0.087273,-0.047192
0.996958,-0.032281,-0.070902,-0.002296,0.994259,-0.045648,-0.086097,-0.044189
0.996936,-0.035905,-0.069445,-0.002501,0.994446,-0.046372,-0.084908,-0.041431
0.996918,-0.039453,-0.067757,-0.002682,0.994624,-0.047062,-0.083636,-0.038893
0.996896,-0.043159,-0.065782,-0.002848,0.994800,-0.047718,-0.082226,-0.036545
0.996871,-0.047261,-0.063291,-0.003001,0.994978,-0.048363,-0.080622,-0.034359
0.996841,-0.051827,-0.060107,-0.003125,0.995162,-0.049028,-0.078767,-0.032310
0.996796,-0.056696,-0.056337,-0.003204,0.995355,-0.049735,-0.076627,-0.030379
