ax, ay, az, gx, gy, gz, temp
-0.17957, -0.57940, -9.32063, 0.19212, 0.04357, -0.07754, 27.79007
-0.20830, -0.59616, -9.49780, 0.02731, 0.18066, -0.01932, 27.88591
0.41180, -0.18914, -10.29986, -0.44459, -0.04863, 0.11218, 27.55045
0.03352, -1.75734, -8.69335, -0.25194, -0.22449, 0.23888, 27.45461
-0.28730, -0.03112, -9.28950, -0.21797, -0.26606, 0.37491, 27.88591
-0.43096, -0.06464, -8.97347, -0.04330, -0.32002, 0.27712, 27.50253
-0.31364, 0.46208, -8.92319, -0.00586, -0.18453, 0.13936, 27.55045
-0.30406, 0.43814, -9.08600, 0.11604, -0.08647, 0.00320, 27.45461
-0.45969, 0.04549, -9.27274, 0.08380, 0.05143, 0.00013, 27.64630
-0.30646, -0.02155, -9.58399, 0.08926, 0.10192, 0.07914, 27.55045
0.00718, -0.20830, -9.49062, 0.12977, 0.00973, 0.11338, 27.83799
0.03591, -0.25139, -9.51216, 0.06222, -0.02465, 0.11431, 27.83799
-0.06225, -0.21069, -9.60554, -0.00733, -0.01439, 0.08807, 27.69422
0.06225, -0.27054, -9.51935, -0.00160, -0.06968, 0.07621, 27.79007
-0.18196, -0.28491, -9.42358, -0.07221, -0.07381, 0.06861, 27.79007
-0.24660, -0.19154, -9.50738, -0.05969, -0.07368, 0.05969, 27.69422
-0.32082, 0.11492, -9.47625, 0.00080, -0.08713, 0.04277, 27.79007
-0.19393, 0.00479, -9.33739, 0.14149, -0.06408, 0.05969, 27.64630
-0.18675, -0.27773, -9.26556, 0.12337, -0.02851, 0.02038, 27.64630
-0.18435, -0.15323, -9.44991, 0.04810, 0.02225, 0.04410, 27.69422
0.00718, -0.25857, -9.47386, 0.09313, 0.02105, 0.03691, 27.69422
0.02873, -0.03591, -9.70609, 0.07914, -0.01026, -0.01439, 27.69422
-0.07422, -0.22266, -9.89045, 0.02398, -0.03371, -0.04530, 27.79007
-0.09098, -0.38068, -9.96706, 0.02372, -0.04530, -0.01892, 27.64630
-0.38547, -0.37350, -10.29507, -0.01905, -0.03211, -0.00626, 27.50253
-0.45969, -0.35913, -10.40759, -0.05196, 0.01532, 0.04636, 27.79007
-0.63446, -0.27054, -10.54646, -0.12204, 0.05609, 0.04783, 27.69422
-0.76375, -0.23703, -10.86010, -0.16507, 0.11098, 0.01745, 27.50253
-0.55306, -0.48602, -11.33176, -0.28791, 0.13137, 0.02984, 27.79007
-0.36392, -0.39265, -11.89200, -0.37145, 0.10445, 0.07354, 27.69422
-0.06225, -0.15562, -12.46182, -0.50361, 0.10978, 0.08460, 27.83799
0.12450, 0.04070, -12.65814, -0.66669, 0.08847, -0.00080, 27.83799
0.16999, 0.09816, -12.89517, -0.73610, -0.01079, -0.08767, 27.79007
-0.20111, 0.11971, -13.02925, -0.89065, -0.06568, -0.08127, 27.69422
-0.67995, 0.23942, -13.16572, -0.98844, -0.11898, -0.04730, 27.69422
-0.84036, 0.19632, -13.04840, -1.11621, -0.07314, 0.03238, 27.64630
-0.93374, 0.23224, -13.06755, -1.24678, 0.02771, 0.11738, 27.69422
-0.84276, 0.59376, -13.14177, -1.49339, 0.10392, 0.08207, 27.69422
-0.67038, 0.96486, -13.25670, -1.74080, 0.05982, 0.01266, 27.64630
-0.84755, 0.70629, -12.94066, -1.93492, -0.01252, 0.01199, 27.55045
-1.05345, 0.82839, -12.70124, -2.18926, -0.06275, 0.02398, 27.55045
-1.30723, 1.03908, -12.28226, -2.45305, -0.04796, 0.07461, 27.55045
-1.35033, 1.05345, -11.47302, -2.65330, 0.00613, 0.15961, 27.50253
-0.81642, 1.47243, -10.82419, -2.75189, 0.11258, 0.33255, 27.64630
-0.15562, 2.12126, -10.19212, -2.67768, 0.16041, 0.43087, 27.88591
0.18914, 2.72460, -9.89524, -2.68727, 0.14016, 0.30763, 27.55045
0.24421, 3.31836, -9.35654, -2.89112, 0.07301, 0.08420, 27.64630
0.27533, 2.95205, -8.69574, -3.05140, -0.16880, -0.21863, 27.55045
-0.03591, 3.40934, -8.20493, -3.08670, -0.46817, -0.30976, 27.64630
-1.05105, 3.76847, -8.08043, -2.84795, -0.43900, -0.16747, 27.64630
-0.61292, 4.26168, -7.48906, -2.64451, -0.30523, -0.01266, 27.98176
-0.08619, 4.51307, -7.14190, -2.57150, -0.16481, 0.08913, 27.83799
0.27533, 5.02543, -7.08923, -2.63478, -0.13456, 0.06035, 27.83799
0.36631, 5.67426, -6.62715, -2.53286, -0.11085, -0.01732, 27.64630
0.29209, 5.99508, -6.08127, -2.36112, -0.11631, -0.08034, 27.50253
0.12450, 6.04296, -6.13155, -2.19712, -0.13163, -0.14402, 27.64630
-0.00958, 6.16028, -5.93762, -2.12157, -0.21344, -0.16707, 27.64630
-0.41659, 6.11479, -6.19859, -2.06042, -0.19159, -0.16068, 27.69422
-0.20830, 5.86819, -6.02860, -2.17527, -0.15908, -0.12257, 27.79007
-0.51954, 6.27999, -5.84185, -2.26373, -0.14429, -0.03211, 27.55045
-1.03190, 6.48110, -5.20021, -2.15968, -0.10738, 0.04263, 27.69422
-0.99599, 6.89051, -3.96959, -2.21843, 0.14962, 0.11325, 27.79007
-0.86670, 6.96473, -3.82354, -2.23962, 0.12697, 0.12764, 27.83799
-0.96007, 6.93121, -3.24654, -2.22749, 0.03158, 0.24421, 27.79007
-0.99359, 6.90488, -2.54025, -2.15502, -0.05076, 0.37305, 27.55045
-0.53870, 7.16824, -1.93212, -2.04896, -0.10872, 0.50681, 27.83799
-0.80206, 7.52737, -1.38864, -1.98075, -0.06115, 0.55171, 27.83799
-0.53151, 7.45315, -0.53151, -1.99487, 0.07834, 0.49562, 27.79007
0.11971, 7.67581, -0.43335, -1.91906, 0.12417, 0.34427, 27.79007
0.08859, 7.99663, 0.32561, -1.85351, 0.16148, 0.29018, 27.79007
-0.41659, 7.98706, 0.73263, -1.80009, 0.22183, 0.26393, 27.50253
0.40223, 7.83143, 1.18034, -1.69523, 0.15828, 0.36705, 27.50253
0.67516, 8.09240, 1.80523, -1.60171, 0.01759, 0.37731, 27.64630
0.66319, 8.66222, 2.55222, -1.43117, -0.06249, 0.32868, 27.69422
0.41420, 8.53294, 2.72939, -1.28888, -0.05502, 0.30736, 27.79007
0.31125, 8.58321, 3.29921, -1.12394, -0.02651, 0.28605, 27.83799
0.48123, 8.99502, 3.84269, -0.93302, 0.09446, 0.21677, 28.07761
0.06225, 9.09557, 3.92410, -0.81191, 0.22862, 0.12617, 27.69422
0.16759, 8.67419, 3.74693, -0.75662, 0.19532, 0.11898, 27.55045
0.31603, 8.83460, 3.79481, -0.55677, 0.09286, 0.17973, 27.79007
0.34716, 9.01417, 4.39097, -0.34081, 0.06555, 0.22556, 27.64630
0.11732, 9.07881, 4.50110, -0.16108, 0.13003, 0.21184, 27.64630
0.09577, 9.10994, 4.31675, -0.09926, 0.14682, 0.19878, 27.64630
0.25857, 9.25838, 4.35745, 0.08220, 0.08847, 0.14536, 27.98176
0.61770, 9.15303, 4.41730, 0.31562, -0.02798, 0.07514, 27.79007
-0.16041, 9.32302, 4.76446, 0.44659, -0.04690, 0.00080, 27.69422
0.05028, 9.11951, 5.03022, 0.75289, -0.01279, 0.04010, 27.79007
0.07422, 8.70532, 5.15950, 1.18989, 0.08327, 0.24475, 27.55045
0.26576, 9.00699, 4.79559, 1.41305, 0.28178, 0.37331, 27.55045
0.70868, 9.11712, 4.56335, 1.60517, 0.45925, 0.30164, 27.83799
1.08697, 8.87770, 3.50990, 1.70949, 0.46951, 0.12351, 27.45461
1.18034, 8.73165, 3.37104, 1.75146, 0.36585, 0.00400, 27.69422
0.91937, 8.36534, 3.47399, 2.11211, 0.18999, -0.01452, 27.79007
0.36631, 7.94157, 3.80199, 2.59534, 0.05183, 0.15468, 27.55045
-0.37110, 7.61356, 3.52905, 3.10562, 0.01545, 0.44872, 27.88591
-0.38786, 7.40527, 1.92733, 3.49439, 0.18879, 0.55384, 27.79007
0.47645, 7.47470, 0.89783, 3.49998, 0.50202, 0.57023, 27.64630
0.30167, 7.04614, -0.86431, 3.33385, 0.72997, 0.45059, 27.55045
3.09570, 7.63750, -2.85868, 3.23805, 0.74849, 0.39370, 27.98176
1.15401, 5.82988, -3.32076, 3.29801, 0.63152, 0.47817, 27.83799
1.40061, 5.86579, -3.64398, 3.18862, 0.35799, 0.58555, 27.64630
0.71347, 5.76763, -4.44124, 3.08790, 0.20677, 0.66482, 27.98176
1.59214, 5.55694, -4.50828, 3.07591, 0.14442, 0.63498, 27.79007
1.28569, 5.33428, -4.87938, 2.95200, 0.10086, 0.57130, 27.69422
0.70150, 5.34625, -5.65032, 2.73617, 0.35946, 0.35679, 27.79007
0.43574, 5.03979, -6.32069, 2.46798, 0.64311, 0.20944, 27.69422
0.76614, 4.54898, -7.27598, 2.32422, 0.73624, 0.15628, 27.69422
1.67355, 4.20901, -7.89847, 2.13916, 0.54398, 0.29457, 27.88591
2.45166, 4.23534, -8.08282, 2.24681, 0.27339, 0.43047, 27.69422
2.17394, 4.31675, -8.38450, 2.04510, 0.16574, 0.42088, 27.79007
2.06141, 4.52504, -8.76517, 1.89388, 0.05875, 0.28791, 27.88591
1.90100, 4.46279, -8.82742, 1.82154, -0.09806, 0.14242, 27.55045
1.49638, 4.14676, -8.78193, 1.81914, -0.20451, 0.07061, 27.64630
1.80283, 3.94804, -9.15064, 1.81194, -0.31096, 0.02625, 27.88591
1.73819, 3.74214, -9.35415, 1.70296, -0.45685, 0.06901, 27.79007
1.69270, 3.73735, -8.92319, 1.71935, -0.56916, 0.09166, 27.69422
1.05584, 3.69904, -8.36295, 1.72175, -0.56157, 0.03011, 27.64630
0.27294, 3.50032, -8.39886, 1.61530, -0.35506, -0.02411, 27.79007
0.91698, 2.98796, -8.91840, 1.61956, -0.21757, -0.01092, 27.98176
1.53229, 2.75573, -9.20331, 1.64954, -0.27206, 0.02012, 27.79007
1.01993, 3.20344, -9.45470, 1.66206, -0.40995, -0.06742, 27.55045
0.63207, 2.53785, -9.36851, 1.63701, -0.41208, -0.14642, 27.45461
0.59376, 1.96564, -9.94073, 1.51151, -0.34360, -0.17413, 27.55045
0.45729, 1.81480, -10.61110, 1.43343, -0.30164, -0.09206, 27.79007
1.05824, 1.64721, -10.99178, 1.12874, -0.66895, -0.19891, 27.79007
0.16999, 1.13485, -10.69250, 1.04706, -0.63898, -0.26247, 27.69422
-0.22984, 0.69671, -10.69490, 0.98578, -0.60634, -0.21384, 27.83799
-0.31364, 0.52433, -10.87925, 0.94528, -0.56570, -0.07528, 27.88591
-0.14365, 0.55785, -11.07079, 0.90691, -0.53985, 0.03504, 27.83799
0.36152, 0.84276, -10.85292, 0.85468, -0.64231, -0.00826, 27.69422
-0.18435, 0.80685, -10.71645, 0.86747, -0.71798, -0.16094, 27.55045
-1.09176, 0.18914, -10.89601, 0.77914, -0.51281, -0.21397, 27.79007
-0.61770, -0.11971, -11.18092, 0.79166, -0.27432, -0.12857, 27.69422
-0.30167, 0.02155, -11.63821, 0.72305, -0.16081, -0.04090, 27.69422
-0.43814, 0.18435, -12.21282, 0.58222, -0.12604, -0.07834, 27.79007
-0.46448, 0.10295, -13.01249, 0.48043, -0.14909, -0.19532, 27.98176
-0.75657, -0.32322, -13.78102, 0.34081, -0.11751, -0.18453, 27.64630
-1.00796, -0.72784, -14.67885, 0.21890, -0.03597, -0.09886, 27.55045
-0.74699, -0.72065, -15.49767, 0.02958, -0.03997, 0.01159, 27.69422
-0.42138, -0.57940, -15.23431, -0.11058, -0.17187, 0.16014, 27.79007
-0.73023, -0.29688, -14.90391, -0.24288, -0.15681, 0.25514, 27.64630
-0.61770, 0.11732, -14.44422, -0.51214, 0.04050, 0.23662, 27.55045
-0.13647, 0.42856, -14.24789, -0.63698, 0.14562, 0.17040, 27.79007
-0.12210, 0.38307, -13.94622, -0.73104, 0.14096, 0.12111, 27.69422
-0.53151, 0.42138, -13.70441, -0.88212, 0.17413, 0.09526, 27.55045
-0.71587, 0.27533, -13.72596, -0.96899, 0.24275, 0.09739, 27.83799
-0.65362, 0.37828, -13.40035, -1.11301, 0.28978, 0.14016, 27.55045
-0.45969, 0.46687, -13.29979, -1.28128, 0.30323, 0.12817, 27.79007
-0.36392, 0.66319, -12.99812, -1.40093, 0.25807, 0.08953, 27.50253
-0.35913, 0.51236, -12.76110, -1.52590, 0.28818, 0.07155, 27.79007
-0.22027, 0.91219, -12.61984, -1.80462, 0.32642, 0.00986, 27.55045
-0.14365, 1.23301, -12.50013, -2.00207, 0.21570, -0.11205, 27.79007
-0.27294, 1.16837, -12.64378, -2.21017, 0.07021, -0.14909, 27.98176
0.11732, 1.35272, -11.70765, -2.45119, -0.11631, -0.14749, 27.79007
0.06943, 1.92973, -11.42752, -2.68674, -0.29084, -0.23062, 27.69422
0.22266, 1.98719, -10.45787, -2.79333, -0.41062, -0.30377, 27.88591
-0.12689, 2.17394, -9.84975, -2.90471, -0.45578, -0.34254, 27.55045
-0.15323, 2.30083, -9.10515, -3.03341, -0.44566, -0.36039, 27.79007
-0.49560, 2.95444, -8.74602, -3.11215, -0.44179, -0.34773, 27.88591
-1.04627, 2.99036, -8.02297, -3.05912, -0.44060, -0.20158, 27.69422
-1.24259, 3.19865, -7.41724, -2.95454, -0.30910, 0.00746, 27.88591
-1.15879, 3.85945, -7.07726, -2.87153, -0.21037, 0.09046, 27.83799
-1.40061, 4.57771, -7.18739, -2.83116, -0.08274, 0.12351, 27.83799
-1.55384, 4.57053, -6.87136, -2.78387, -0.00560, 0.10845, 27.55045
-1.07260, 4.69742, -6.35900, -2.84355, -0.05063, 0.15002, 27.50253
-1.33836, 5.04458, -5.97593, -2.77041, -0.16387, 0.32575, 27.55045
-0.96007, 5.38935, -4.77164, -2.61826, -0.13110, 0.51547, 27.69422
-0.80206, 5.91847, -4.52744, -2.49782, 0.02998, 0.52813, 27.79007
-0.58658, 6.54335, -4.25450, -2.39830, 0.14096, 0.38677, 27.79007
-0.84515, 6.37336, -4.33829, -2.40696, 0.25087, 0.22316, 27.83799
-0.55306, 6.28957, -4.40054, -2.49889, 0.08873, 0.15588, 27.55045
-0.82361, 6.37576, -4.03902, -2.45998, -0.11418, 0.31789, 27.98176
-0.74460, 6.28239, -3.17471, -2.34913, -0.17107, 0.46458, 27.64630
-0.68474, 6.63433, -2.60250, -2.32848, -0.16401, 0.54358, 27.88591
-0.81403, 6.88094, -2.18591, -2.29811, -0.08087, 0.52613, 27.83799
-0.95289, 6.91924, -1.76932, -2.24908, 0.04077, 0.52666, 27.79007
-0.87628, 6.86657, -1.39103, -2.26653, 0.13683, 0.57276, 27.79007
-0.45011, 7.06050, -1.07979, -2.26493, 0.07501, 0.65843, 27.55045
-0.38547, 7.08444, -0.46687, -2.18113, -0.03411, 0.71425, 27.55045
0.03352, 7.21134, 0.14844, -2.11891, 0.00386, 0.71092, 27.88591
-0.02394, 7.59920, 0.53151, -2.02072, 0.01172, 0.68108, 27.64630
0.16759, 7.60398, 0.92416, -1.91840, 0.05143, 0.67002, 27.83799
0.57940, 7.58004, 1.83875, -1.86177, 0.08367, 0.64737, 27.83799
0.95529, 8.06128, 1.72861, -1.73587, -0.00573, 0.60660, 27.98176
0.93853, 7.91044, 2.31280, -1.63395, -0.10872, 0.58795, 27.64630
1.42694, 8.66222, 3.82354, -1.08917, -0.02038, 0.41368, 27.50253
1.40061, 8.73644, 3.90255, -0.99977, 0.02212, 0.37465, 27.55045
1.49159, 8.73165, 4.18028, -0.87586, 0.03064, 0.37984, 27.69422
1.79086, 8.88488, 4.37421, -0.74863, 0.04783, 0.43060, 27.55045
2.38223, 9.11473, 4.86502, -0.57063, 0.08620, 0.38997, 27.79007
2.41336, 9.60554, 4.80037, -0.37491, 0.03504, 0.18546, 27.69422
2.19548, 9.32781, 5.06852, -0.29924, -0.01545, 0.09260, 27.64630
1.94888, 9.11233, 4.61602, -0.19492, -0.06755, 0.10858, 27.69422
1.97522, 9.17458, 4.81235, -0.10499, -0.11138, 0.10352, 27.69422
1.89621, 9.47146, 5.18105, 0.01719, -0.13003, 0.02305, 27.79007
1.81241, 9.47864, 5.32710, 0.28472, -0.13003, -0.04810, 27.50253
1.59454, 9.28232, 5.17866, 0.51134, -0.09726, -0.03930, 27.79007
1.52989, 9.09078, 5.12120, 0.80512, -0.05343, 0.04916, 27.69422
1.58017, 9.16740, 5.06852, 1.01322, -0.02651, 0.05849, 27.79007
1.53468, 9.00220, 4.55617, 1.06145, 0.05822, -0.00613, 27.64630
2.00874, 9.09318, 4.25928, 1.22386, 0.06568, -0.09686, 27.45461
1.44131, 8.96389, 4.13000, 1.37042, 0.08767, -0.15468, 27.98176
1.38624, 8.88967, 4.30717, 1.58905, 0.08540, -0.16934, 27.79007
1.26653, 8.76517, 4.24971, 2.00526, 0.04663, -0.15375, 27.69422
1.02711, 8.53294, 3.82593, 2.27319, 0.00706, -0.12950, 27.79007
0.78051, 8.46350, 3.10049, 2.40123, 0.02265, -0.05409, 27.55045
0.80206, 8.33661, 2.22421, 2.54365, 0.09619, -0.04370, 27.83799
0.64165, 8.32464, 1.30723, 2.59255, 0.24568, -0.08900, 27.88591
0.71826, 7.92481, 0.43096, 2.56737, 0.41142, -0.04423, 27.79007
0.90980, 7.63272, -0.50278, 2.61933, 0.59514, 0.13217, 27.69422
-1.07739, 5.95917, 1.13246, 2.55871, 0.71345, 0.13803, 27.83799
1.89860, 7.69736, -2.35829, 2.57749, 0.49429, 0.17373, 27.98176
1.72143, 7.62074, -2.98796, 2.57936, 0.29830, 0.08673, 27.64630
1.63763, 7.56568, -3.65834, 2.59774, 0.19971, -0.02132, 27.83799
1.32160, 6.99586, -4.01508, 2.49875, 0.21051, 0.02904, 27.55045
1.13964, 6.65588, -4.58490, 2.49875, 0.22876, 0.17933, 27.64630
1.55623, 6.77799, -5.17148, 2.44306, 0.28205, 0.31536, 27.79007
1.64242, 6.84981, -5.50906, 2.31942, 0.18479, 0.31962, 27.88591
1.54426, 6.65109, -5.71496, 2.35513, 0.03344, 0.31576, 27.79007
1.43413, 6.16986, -5.77242, 2.27586, -0.04583, 0.32349, 27.83799
1.64960, 6.73250, -5.34865, 2.18286, 0.01306, 0.29617, 27.88591
1.13485, 6.57927, -4.71658, 2.19872, 0.15348, 0.18106, 27.88591
1.02472, 5.77003, -5.57370, 2.12224, 0.39516, 0.12737, 27.69422
2.09253, 5.43484, -6.37097, 2.10159, 0.36479, 0.17373, 27.98176
1.38864, 5.61201, -6.39012, 2.11891, 0.15268, 0.23129, 27.69422
0.42856, 4.92966, -6.02142, 2.18686, 0.05196, 0.28312, 27.83799
0.39025, 4.25210, -6.72292, 2.28958, 0.08234, 0.49322, 27.79007
1.50116, 3.99113, -7.24007, 2.28758, 0.11884, 0.59181, 27.69422
1.37906, 4.37181, -7.52498, 2.15515, 0.10432, 0.62859, 27.69422
1.32399, 3.94804, -7.72609, 2.14902, 0.06289, 0.51560, 27.79007
1.65679, 3.50751, -7.92241, 2.17607, -0.13363, 0.46884, 27.83799
1.79326, 2.79643, -8.82982, 2.08613, -0.26873, 0.47084, 27.83799
2.21703, 3.32315, -8.90404, 1.92852, -0.64990, 0.44992, 27.64630
0.81882, 3.73495, -8.52815, 1.97742, -0.84389, 0.32002, 27.64630
-0.29688, 2.61686, -8.77475, 1.93638, -0.55837, 0.20584, 27.64630
0.40701, 1.97522, -9.60793, 1.70429, -0.05809, 0.29604, 27.83799
1.36948, 2.38941, -10.25197, 1.68977, 0.03397, 0.30603, 27.83799
0.93613, 2.42054, -10.24718, 1.47713, -0.07541, 0.15455, 27.50253
1.31442, 2.09972, -10.30464, 1.39147, -0.20358, 0.03091, 27.83799
1.58496, 1.58736, -10.27112, 1.43863, -0.31776, 0.03757, 27.79007
1.41497, 1.40540, -10.55364, 1.34390, -0.27912, 0.06848, 27.50253
1.29047, 1.88663, -10.21845, 1.21880, -0.23768, 0.01572, 27.69422
0.81163, 1.42694, -10.11071, 1.20001, -0.19265, -0.08087, 27.83799
1.42694, 0.93134, -10.50336, 1.13686, 0.02212, -0.03637, 27.79007
1.64482, 1.35512, -10.80503, 0.97459, 0.10285, -0.04996, 27.55045
1.55384, 1.42694, -10.12029, 0.93675, -0.00253, -0.20278, 27.69422
0.97205, 0.69911, -10.22324, 1.01975, -0.02451, -0.24888, 27.64630
0.77333, -0.09098, -10.44830, 0.97965, 0.18199, -0.10445, 27.69422
1.33836, 0.45969, -10.37647, 0.92063, 0.22809, -0.00413, 27.69422
0.90980, -0.11971, -10.86728, 0.96526, 0.16108, 0.20797, 27.69422
1.32639, -0.32082, -11.49456, 0.89265, 0.20544, 0.22036, 27.79007
1.99676, -0.33040, -12.01650, 0.74849, 0.17507, 0.22090, 27.83799
2.24097, -0.12210, -12.31099, 0.61806, 0.05089, 0.16760, 27.83799
1.64482, -0.30406, -12.26310, 0.58515, -0.07341, 0.08540, 27.83799
1.28569, -0.86910, -12.60308, 0.44273, -0.00826, 0.10232, 27.64630
1.79086, -0.86191, -12.92390, 0.22583, 0.04676, 0.18253, 27.69422
2.35350, -0.41899, -12.97897, 0.19172, -0.13470, 0.18919, 27.79007
2.25534, -0.45729, -12.86644, 0.08394, -0.29298, 0.15028, 27.69422
2.22182, -0.39744, -12.77786, -0.08807, -0.31429, 0.15108, 27.83799
2.33914, -0.44293, -12.80659, -0.20611, -0.33508, 0.14202, 27.88591
2.27689, -0.12929, -12.93827, -0.41621, -0.37145, 0.06235, 27.55045
1.88184, 0.01197, -13.16572, -0.48470, -0.42954, -0.04943, 27.64630
1.51314, -0.05746, -13.18966, -0.62952, -0.33468, -0.10592, 27.88591
1.27372, -0.15083, -13.00770, -0.75449, -0.22729, -0.10405, 27.64630
1.23062, 0.11253, -12.98376, -0.82004, -0.15215, -0.09513, 27.79007
1.15161, -0.12450, -12.98376, -0.97672, -0.05902, -0.06089, 27.64630
1.44131, -0.05746, -13.10107, -1.15845, -0.04463, -0.04903, 27.69422
1.70946, 0.00239, -13.24712, -1.34857, -0.09886, -0.09273, 27.83799
1.76692, 0.19872, -13.27824, -1.48380, -0.22636, -0.23622, 27.88591
0.89783, -0.04070, -12.98615, -1.66353, -0.26646, -0.34653, 27.55045
0.37589, 0.09816, -12.78743, -1.93039, -0.20544, -0.38597, 27.79007
0.04070, 0.26336, -12.83532, -2.25574, -0.22889, -0.39969, 27.64630
0.30885, 0.34477, -12.76110, -2.62612, -0.34467, -0.39743, 27.64630
1.03430, 0.67516, -11.73638, -2.74203, -0.61020, -0.33468, 27.88591
0.62010, 0.70390, -10.14663, -2.47091, -0.72158, -0.19585, 27.83799
-0.43814, 1.23780, -9.28471, -2.54219, -0.39876, -0.07954, 27.83799
-0.23703, 2.04944, -9.04051, -2.77108, 0.02864, -0.03784, 27.98176
1.06781, 2.81558, -8.66701, -2.74630, 0.07048, -0.18626, 27.69422
1.56102, 3.38061, -8.32943, -2.65330, -0.13803, -0.42061, 27.98176
0.57700, 3.42371, -7.39569, -2.55204, -0.24368, -0.51614, 27.83799
0.39025, 3.16274, -7.04614, -2.46398, -0.18879, -0.45405, 27.64630
-0.18435, 3.73017, -6.93361, -2.39270, -0.10805, -0.25127, 27.88591
-0.77572, 3.91452, -6.53138, -2.37778, 0.04237, -0.13829, 27.55045
-0.05746, 4.24492, -6.84263, -2.41548, 0.02025, -0.08394, 27.88591
0.39504, 4.76446, -6.69898, -2.32568, -0.25194, -0.06035, 27.88591
-0.16520, 4.78840, -6.24887, -2.26653, -0.39783, -0.03238, 27.64630
-0.24660, 5.09965, -5.82509, -2.14396, -0.36532, 0.03317, 27.79007
-0.88346, 5.32231, -5.68144, -2.11025, -0.14522, 0.15561, 27.79007
-0.67277, 5.53779, -5.79157, -2.16248, 0.09100, 0.22583, 27.79007
0.11013, 5.82270, -6.07170, -2.22669, 0.05942, 0.23249, 27.50253
0.23703, 6.05972, -6.05015, -2.22909, -0.13883, 0.25207, 27.79007
0.35913, 6.39012, -5.43244, -2.27972, -0.34773, 0.22210, 27.55045
-0.10534, 6.57687, -4.70221, -2.25547, -0.47151, 0.24075, 27.83799
-0.11253, 6.57448, -3.88818, -2.19498, -0.41062, 0.30230, 27.55045
-0.04310, 6.86657, -3.39977, -2.12957, -0.26593, 0.35120, 27.88591
0.17478, 7.10599, -3.16513, -2.07015, -0.09100, 0.35053, 27.88591
0.34716, 7.63511, -2.99036, -2.06508, 0.01212, 0.32242, 27.69422
0.35674, 8.03015, -2.84431, -2.08720, 0.00973, 0.26700, 27.79007
0.46208, 8.13071, -2.48518, -2.10665, -0.01372, 0.21490, 27.98176
0.71108, 8.21690, -1.98719, -2.03244, -0.09992, 0.15894, 27.50253
0.43814, 8.41801, -1.39103, -1.93199, -0.14549, 0.15202, 27.50253
0.20590, 8.40365, -0.99359, -1.84325, -0.17094, 0.12257, 28.07761
0.04070, 8.24084, -0.64883, -1.76571, -0.11778, 0.17866, 27.64630
0.13886, 8.08282, -0.40223, -1.70030, -0.03597, 0.22236, 27.88591
0.33040, 8.54730, 0.00958, -1.61050, 0.07661, 0.25740, 27.88591
0.28491, 8.76038, 0.46448, -1.55827, 0.16108, 0.18133, 27.64630
0.47166, 8.70292, 0.87628, -1.48966, 0.25367, 0.12697, 28.02968
0.50039, 8.77236, 0.91459, -1.39187, 0.19772, 0.13150, 27.83799
0.48602, 8.70053, 0.91459, -1.28675, 0.06235, 0.18826, 27.88591
0.54109, 8.89207, 1.35272, -1.18709, 0.02825, 0.16854, 27.88591
-0.00479, 9.08600, 2.59292, -0.90637, 0.04810, 0.26460, 27.64630
-0.22984, 9.17698, 3.37104, -0.66416, 0.18985, 0.31296, 27.55045
-0.03591, 9.03332, 3.58412, -0.40769, 0.31163, 0.28218, 27.88591
0.65841, 9.31344, 3.32315, -0.25660, 0.50948, 0.42314, 27.88591
0.33279, 9.62469, 2.99275, -0.39983, 0.58036, 0.34693, 27.83799
1.14682, 9.86172, 3.20344, -0.35146, 0.36385, 0.17600, 27.69422
0.99838, 9.65821, 3.33752, -0.10792, 0.00426, 0.09340, 27.79007
0.54588, 9.56962, 3.77087, 0.03797, -0.14589, 0.12710, 27.88591
0.39504, 9.61990, 4.05338, 0.16654, -0.04024, 0.17240, 27.88591
0.56503, 9.41640, 3.88100, 0.20518, 0.08993, 0.23315, 27.83799
0.78290, 9.67258, 3.78044, 0.25607, 0.24435, 0.28845, 27.79007
1.31681, 9.77313, 3.77087, 0.36572, 0.30523, 0.24914, 27.88591
1.84354, 9.85453, 3.40455, 0.46724, 0.22809, 0.13949, 27.50253
1.60172, 9.85932, 3.26809, 0.60420, 0.06528, 0.04876, 27.83799
1.32639, 9.45470, 3.11964, 0.80405, 0.01532, 0.01146, 27.55045
0.98641, 9.29669, 3.02627, 0.88226, 0.03291, -0.00093, 27.83799
0.78769, 9.33260, 2.82516, 1.01789, 0.03411, -0.00160, 27.69422
0.96965, 9.21528, 2.82516, 1.22280, 0.04596, 0.02278, 27.79007
1.01275, 9.14106, 2.21224, 1.37535, 0.08300, -0.00879, 27.69422
0.70390, 9.02614, 1.61369, 1.40213, 0.15628, -0.04916, 27.64630
0.81403, 8.79390, 1.26893, 1.47487, 0.16854, -0.04517, 27.88591
0.51475, 8.73405, 1.17316, 1.66059, 0.14043, 0.00333, 27.64630
0.79487, 8.54012, 0.67038, 1.80235, 0.04210, 0.09499, 27.64630
0.94810, 8.45632, 0.41659, 1.97196, -0.01292, 0.21623, 27.83799
0.90261, 8.31506, 0.13408, 2.04390, 0.08327, 0.27286, 27.69422
0.92895, 8.45632, 0.08380, 2.19192, 0.23142, 0.22409, 27.83799
1.13964, 7.99663, -0.57940, 2.20125, 0.38411, 0.12084, 27.88591
1.41018, 7.98466, -1.11570, 2.25014, 0.46698, 0.01812, 27.88591
1.20428, 7.74045, -1.54905, 2.37285, 0.41515, -0.04716, 27.55045
0.69432, 7.23767, -1.74058, 2.54312, 0.38211, -0.04237, 27.64630
0.52433, 6.42843, -1.96085, 2.72858, 0.39450, 0.18492, 27.88591
-0.21787, 6.02621, -3.00472, 2.71805, 0.49082, 0.44766, 27.79007
1.35991, 5.74848, -3.79002, 2.69820, 0.74956, 0.75635, 27.69422
1.95127, 6.81869, -4.75488, 2.82091, 0.61420, 0.54265, 27.64630
0.09577, 6.35421, -5.10683, 2.58549, 0.92316, 0.25527, 27.79007
0.46926, 5.50666, -5.70059, 2.34340, 1.01416, 0.17227, 27.64630
1.44849, 5.07810, -6.73968, 2.43240, 0.70173, 0.38810, 27.69422
1.49638, 5.22894, -7.05092, 2.36525, 0.26673, 0.52973, 27.79007
1.01993, 5.32231, -7.29274, 2.32915, -0.04823, 0.59101, 27.88591
0.76136, 5.05416, -7.49864, 2.24801, -0.11498, 0.66736, 27.64630
1.53229, 5.14275, -7.68060, 2.15994, -0.03371, 0.60940, 27.83799
1.97761, 5.32231, -7.83862, 1.99247, 0.07434, 0.41542, 27.79007
1.95606, 4.84347, -7.95354, 1.97022, 0.03064, 0.30896, 27.64630
2.00395, 4.61602, -7.90805, 1.92892, -0.06715, 0.37984, 27.79007
2.00634, 4.85305, -8.34379, 1.99101, -0.36146, 0.49522, 27.79007
1.17555, 4.38618, -8.67898, 2.09693, -0.49655, 0.59341, 27.69422
1.48680, 3.59849, -8.39647, 2.07095, -0.38544, 0.57276, 27.79007
1.93452, 3.60327, -8.48984, 1.82407, -0.23942, 0.34800, 27.64630
1.81002, 3.66313, -8.91601, 1.86311, -0.35693, 0.17587, 27.55045
1.31681, 2.82995, -9.03572, 1.75092, -0.48083, 0.14509, 27.88591
1.14682, 2.46124, -9.12430, 1.78410, -0.49495, 0.22436, 27.98176
1.10133, 2.04944, -9.72525, 1.75506, -0.31842, 0.27033, 27.79007
1.71185, 2.24097, -10.28788, 1.59225, -0.36665, 0.18413, 27.79007
1.95846, 2.38223, -10.02452, 1.57506, -0.54585, 0.04370, 27.88591
0.60334, 1.70946, -9.73722, 1.51844, -0.54745, -0.05156, 27.79007
1.11091, 1.10373, -10.46266, 1.32552, -0.40422, -0.06728, 27.88591
1.61609, 1.18752, -10.77870, 1.25983, -0.45858, -0.02451, 27.88591
1.15640, 1.24498, -10.65899, 1.19855, -0.53079, -0.09593, 27.98176
0.93374, 1.09894, -10.44830, 1.02108, -0.44686, -0.12644, 27.64630
1.29766, 0.73741, -10.66138, 0.98871, -0.37625, -0.15761, 27.98176
1.55384, 0.78769, -10.95108, 0.90797, -0.37398, -0.12031, 27.69422
1.42216, 1.06542, -11.00854, 0.86973, -0.51521, -0.20984, 27.98176
1.04866, 0.86910, -10.57040, 0.80951, -0.62832, -0.29244, 27.88591
0.38068, 0.18675, -11.41077, 0.53599, -0.24888, -0.07941, 27.88591
0.08140, 0.45729, -11.50174, 0.49042, -0.18399, -0.08647, 27.83799
0.36631, 0.21787, -11.88961, 0.49429, -0.20664, -0.15735, 27.79007
0.13647, 0.01197, -12.33493, 0.35440, -0.19878, -0.14096, 27.64630
-0.26576, -0.23942, -12.48337, 0.26899, -0.14989, -0.04157, 27.98176
-0.17717, 0.09577, -12.68687, 0.21943, -0.15468, -0.03144, 27.79007
-0.02394, 0.04310, -12.62223, 0.12124, -0.11351, -0.01199, 27.64630
0.03591, -0.00718, -12.59829, 0.03064, -0.01799, 0.00839, 27.88591
0.10056, 0.49321, -12.56956, -0.00027, 0.04290, 0.07155, 27.79007
0.30885, 0.64883, -12.47379, -0.08300, 0.11085, 0.00453, 27.83799
0.30167, 0.69911, -12.87602, -0.25487, 0.12630, -0.06528, 27.88591
0.20590, 0.56264, -12.88799, -0.33161, 0.01998, -0.09273, 27.83799
-0.38547, 0.30167, -12.81377, -0.44153, 0.09473, 0.00480, 27.83799
0.16999, 0.09098, -12.63899, -0.52773, 0.21783, 0.08966, 27.83799
0.13408, 0.55306, -12.76588, -0.65483, 0.27832, 0.12111, 27.79007
0.57940, 0.61292, -12.88320, -0.79752, 0.23262, 0.04130, 27.83799
0.51715, 0.62728, -12.61505, -0.94807, 0.20278, 0.00266, 27.88591
0.29209, 0.44772, -12.48816, -1.11728, 0.31523, 0.00453, 27.98176
1.03908, 0.85712, -12.84729, -1.25770, 0.22183, -0.07328, 27.79007
0.83318, 0.75178, -12.70124, -1.38614, 0.04970, -0.14509, 27.79007
0.10774, 0.71347, -12.08354, -1.58425, 0.04077, -0.20837, 27.88591
-0.24660, 0.65122, -12.02608, -1.81354, 0.20264, -0.14003, 27.69422
0.33998, 1.21147, -12.33493, -1.99647, 0.11738, -0.15695, 27.83799
0.51475, 1.25217, -12.14100, -2.41095, -0.03517, -0.19518, 27.88591
0.91459, 1.60412, -11.02530, -2.40496, -0.20837, -0.20598, 27.83799
0.18914, 1.49877, -10.40281, -2.44626, -0.15042, -0.13656, 27.88591
0.02634, 1.81002, -9.99100, -2.47211, 0.02465, -0.07274, 27.98176
